8
367
1
  -1.8932920e-02  -1.8934680e-02  -1.8937633e-02  -1.8937693e-02  -1.8935063e-02  -1.8933637e-02  -1.8929004e-02  -1.8924236e-02
  -1.9286515e-02  -1.9290977e-02  -1.9291246e-02  -1.9291320e-02  -1.9290960e-02  -1.9286207e-02  -1.9281579e-02  -1.9273964e-02
  -1.9634991e-02  -1.9636813e-02  -1.9639869e-02  -1.9639796e-02  -1.9636889e-02  -1.9635188e-02  -1.9630097e-02  -1.9624805e-02
  -2.0011704e-02  -2.0016369e-02  -2.0016563e-02  -2.0016551e-02  -2.0015999e-02  -2.0010795e-02  -2.0005653e-02  -1.9997339e-02
  -2.0383304e-02  -2.0385192e-02  -2.0388356e-02  -2.0388130e-02  -2.0384912e-02  -2.0382898e-02  -2.0377293e-02  -2.0371413e-02
  -2.0785429e-02  -2.0790310e-02  -2.0790417e-02  -2.0790305e-02  -2.0789530e-02  -2.0783823e-02  -2.0778103e-02  -2.0769008e-02
  -2.1182480e-02  -2.1184439e-02  -2.1187714e-02  -2.1187312e-02  -2.1183743e-02  -2.1181373e-02  -2.1175191e-02  -2.1168651e-02
  -2.1612623e-02  -2.1617735e-02  -2.1617743e-02  -2.1617511e-02  -2.1616481e-02  -2.1610209e-02  -2.1603838e-02  -2.1593868e-02
  -2.2037777e-02  -2.2039812e-02  -2.2043200e-02  -2.2042595e-02  -2.2038631e-02  -2.2035853e-02  -2.2029023e-02  -2.2021737e-02
  -2.2498914e-02  -2.2504272e-02  -2.2504165e-02  -2.2503793e-02  -2.2502469e-02  -2.2495561e-02  -2.2488453e-02  -2.2477501e-02
  -2.2955202e-02  -2.2957320e-02  -2.2960824e-02  -2.2959985e-02  -2.2955573e-02  -2.2952328e-02  -2.2944766e-02  -2.2936636e-02
  -2.3450747e-02  -2.3456368e-02  -2.3456129e-02  -2.3455591e-02  -2.3453926e-02  -2.3446300e-02  -2.3438359e-02  -2.3426297e-02
  -2.3941655e-02  -2.3943863e-02  -2.3947485e-02  -2.3946375e-02  -2.3941454e-02  -2.3937673e-02  -2.3929281e-02  -2.3920192e-02
  -2.4475543e-02  -2.4481446e-02  -2.4481053e-02  -2.4480320e-02  -2.4478260e-02  -2.4469821e-02  -2.4460929e-02  -2.4447612e-02
  -2.5005099e-02  -2.5007403e-02  -2.5011145e-02  -2.5009721e-02  -2.5004220e-02  -2.4999821e-02  -2.4990484e-02  -2.4980301e-02
  -2.5581888e-02  -2.5588093e-02  -2.5587523e-02  -2.5586559e-02  -2.5584039e-02  -2.5574675e-02  -2.5564698e-02  -2.5549954e-02
  -2.6154772e-02  -2.6157182e-02  -2.6161044e-02  -2.6159253e-02  -2.6153089e-02  -2.6147975e-02  -2.6137558e-02  -2.6126125e-02
  -2.6779775e-02  -2.6786306e-02  -2.6785529e-02  -2.6784292e-02  -2.6781234e-02  -2.6770814e-02  -2.6759592e-02  -2.6743219e-02
  -2.7401457e-02  -2.7403982e-02  -2.7407963e-02  -2.7405746e-02  -2.7398819e-02  -2.7392874e-02  -2.7381218e-02  -2.7368346e-02
  -2.8080905e-02  -2.8087786e-02  -2.8086769e-02  -2.8085207e-02  -2.8081520e-02  -2.8069886e-02  -2.8057230e-02  -2.8038989e-02
  -2.8757819e-02  -2.8760471e-02  -2.8764568e-02  -2.8761851e-02  -2.8754043e-02  -2.8747129e-02  -2.8734044e-02  -2.8719510e-02
  -2.9499067e-02  -2.9506326e-02  -2.9505029e-02  -2.9503079e-02  -2.9498651e-02  -2.9485618e-02  -2.9471301e-02  -2.9450905e-02
  -3.0238836e-02  -3.0241630e-02  -3.0245838e-02  -3.0242532e-02  -3.0233701e-02  -3.0225652e-02  -3.0210909e-02  -3.0194445e-02
  -3.1050632e-02  -3.1058301e-02  -3.1056674e-02  -3.1054261e-02  -3.1048957e-02  -3.1034301e-02  -3.1018050e-02  -3.0995155e-02
  -3.1862358e-02  -3.1865309e-02  -3.1869618e-02  -3.1865617e-02  -3.1855592e-02  -3.1846204e-02  -3.1829528e-02  -3.1810811e-02
  -3.2755189e-02  -3.2763302e-02  -3.2761287e-02  -3.2758316e-02  -3.2751971e-02  -3.2735419e-02  -3.2716904e-02  -3.2691094e-02
  -3.3649827e-02  -3.3652954e-02  -3.3657351e-02  -3.3652524e-02  -3.3641095e-02  -3.3630121e-02  -3.3611175e-02  -3.3589810e-02
  -3.4636376e-02  -3.4644971e-02  -3.4642496e-02  -3.4638851e-02  -3.4631262e-02  -3.4612483e-02  -3.4591298e-02  -3.4562064e-02
  -3.5627238e-02  -3.5630563e-02  -3.5635029e-02  -3.5629212e-02  -3.5616125e-02  -3.5603257e-02  -3.5581627e-02  -3.5557129e-02
  -3.6722991e-02  -3.6732113e-02  -3.6729090e-02  -3.6724625e-02  -3.6715536e-02  -3.6694121e-02  -3.6669765e-02  -3.6636479e-02
  -3.7826419e-02  -3.7829970e-02  -3.7834474e-02  -3.7827467e-02  -3.7812403e-02  -3.7797257e-02  -3.7772429e-02  -3.7744194e-02
  -3.9050489e-02  -3.9060188e-02  -3.9056507e-02  -3.9051039e-02  -3.9040130e-02  -3.9015568e-02  -3.8987417e-02  -3.8949295e-02
  -4.0286772e-02  -4.0290580e-02  -4.0295082e-02  -4.0286629e-02  -4.0269189e-02  -4.0251282e-02  -4.0222609e-02  -4.0189878e-02
  -4.1663032e-02  -4.1673364e-02  -4.1668887e-02  -4.1662180e-02  -4.1649044e-02  -4.1620692e-02  -4.1587954e-02  -4.1544007e-02
  -4.3057678e-02  -4.3061782e-02  -4.3066223e-02  -4.3055999e-02  -4.3035676e-02  -4.3014388e-02  -4.2981047e-02  -4.2942855e-02
  -4.4616344e-02  -4.4627373e-02  -4.4621925e-02  -4.4613675e-02  -4.4597785e-02  -4.4564818e-02  -4.4526482e-02  -4.4475445e-02
  -4.6201884e-02  -4.6206331e-02  -4.6210626e-02  -4.6198212e-02  -4.6174353e-02  -4.6148881e-02  -4.6109807e-02  -4.6064908e-02
  -4.7981779e-02  -4.7993580e-02  -4.7986933e-02  -4.7976740e-02  -4.7957407e-02  -4.7918756e-02  -4.7873507e-02  -4.7813737e-02
  -4.9800371e-02  -4.9805219e-02  -4.9809250e-02  -4.9794091e-02  -4.9765841e-02  -4.9735128e-02  -4.9688925e-02  -4.9635683e-02
  -5.1852236e-02  -5.1864892e-02  -5.1856749e-02  -5.1844079e-02  -5.1820385e-02  -5.1774637e-02  -5.1720737e-02  -5.1650063e-02
  -5.3959526e-02  -5.3964847e-02  -5.3968439e-02  -5.3949796e-02  -5.3916016e-02  -5.3878643e-02  -5.3823442e-02  -5.3759671e-02
  -5.6350983e-02  -5.6364592e-02  -5.6354555e-02  -5.6338678e-02  -5.6309375e-02  -5.6254628e-02  -5.6189731e-02  -5.6105232e-02
  -5.8821989e-02  -5.8827869e-02  -5.8830769e-02  -5.8807630e-02  -5.8766767e-02  -5.8720790e-02  -5.8654039e-02  -5.8576754e-02
  -6.1645212e-02  -6.1659884e-02  -6.1647406e-02  -6.1627310e-02  -6.1590661e-02  -6.1524292e-02  -6.1445165e-02  -6.1342814e-02
  -6.4583579e-02  -6.4590127e-02  -6.4591952e-02  -6.4562902e-02  -6.4512790e-02  -6.4455475e-02  -6.4373601e-02  -6.4278623e-02
  -6.7967571e-02  -6.7983432e-02  -6.7967743e-02  -6.7941974e-02  -6.7895503e-02  -6.7813801e-02  -6.7715863e-02  -6.7589962e-02
  -7.1520707e-02  -7.1528052e-02  -7.1528214e-02  -7.1491214e-02  -7.1428741e-02  -7.1356134e-02  -7.1253981e-02  -7.1135281e-02
  -7.5651755e-02  -7.5668936e-02  -7.5648917e-02  -7.5615328e-02  -7.5555385e-02  -7.5452925e-02  -7.5329477e-02  -7.5171708e-02
  -8.0036696e-02  -8.0044988e-02  -8.0042548e-02  -7.9994555e-02  -7.9915090e-02  -7.9821262e-02  -7.9691126e-02  -7.9539697e-02
  -8.5194142e-02  -8.5212771e-02  -8.5186722e-02  -8.5142014e-02  -8.5063006e-02  -8.4931552e-02  -8.4772412e-02  -8.4570156e-02
  -9.0744229e-02  -9.0753622e-02  -9.0747018e-02  -9.0683295e-02  -9.0579643e-02  -9.0455314e-02  -9.0285168e-02  -9.0086947e-02
  -9.7366851e-02  -9.7387004e-02  -9.7352201e-02  -9.7291051e-02  -9.7183997e-02  -9.7010431e-02  -9.6799373e-02  -9.6532571e-02
  -1.0462175e-01  -1.0463234e-01  -1.0461881e-01  -1.0453158e-01  -1.0439195e-01  -1.0422177e-01  -1.0399180e-01  -1.0372360e-01
  -1.1344030e-01  -1.1346187e-01  -1.1341364e-01  -1.1332690e-01  -1.1317648e-01  -1.1293862e-01  -1.1264817e-01  -1.1228298e-01
  -1.2333493e-01  -1.2334659e-01  -1.2332084e-01  -1.2319645e-01  -1.2300008e-01  -1.2275681e-01  -1.2243200e-01  -1.2205276e-01
  -1.3566309e-01  -1.3568542e-01  -1.3561487e-01  -1.3548546e-01  -1.3526338e-01  -1.3492065e-01  -1.3450049e-01  -1.3397520e-01
  -1.4997096e-01  -1.4998265e-01  -1.4993344e-01  -1.4974555e-01  -1.4945234e-01  -1.4908277e-01  -1.4859504e-01  -1.4802481e-01
  -1.6843082e-01  -1.6845137e-01  -1.6833900e-01  -1.6813104e-01  -1.6777905e-01  -1.6724876e-01  -1.6659611e-01  -1.6578547e-01
  -1.9097923e-01  -1.9098674e-01  -1.9088594e-01  -1.9057662e-01  -1.9009780e-01  -1.8948272e-01  -1.8868051e-01  -1.8774060e-01
  -2.2167765e-01  -2.2168689e-01  -2.2147821e-01  -2.2110113e-01  -2.2047843e-01  -2.1956301e-01  -2.1843118e-01  -2.1703740e-01
  -2.6257082e-01  -2.6255601e-01  -2.6231324e-01  -2.6172605e-01  -2.6081824e-01  -2.5962575e-01  -2.5809087e-01  -2.5628569e-01
  -3.2398907e-01  -3.2394007e-01  -3.2339654e-01  -3.2252850e-01  -3.2118789e-01  -3.1926874e-01  -3.1687915e-01  -3.1397487e-01
  -4.2213236e-01  -4.2198907e-01  -4.2114220e-01  -4.1965567e-01  -4.1732031e-01  -4.1416232e-01  -4.1016739e-01  -4.0543410e-01
  -6.2911446e-01  -6.2838645e-01  -6.2370142e-01  -6.1896059e-01  -6.1392384e-01  -6.0695495e-01  -5.9810599e-01  -5.8761629e-01
  -1.1187554e+00  -1.1181024e+00  -1.1195606e+00  -1.1174433e+00  -1.1037201e+00  -1.0841750e+00  -1.0605681e+00  -1.0318845e+00
  -1.1557985e+00  -1.1583920e+00  -1.1812519e+00  -1.1875049e+00  -1.1917840e+00  -1.2012537e+00  -1.2097784e+00  -1.2238317e+00
  1.7728237e-01  1.7241118e-01  1.7081916e-01  1.6714960e-01  1.1505259e-01  4.9627506e-02  -3.7450462e-02  -1.3248956e-01
  1.2472335e+00  1.2425714e+00  1.2646219e+00  1.2454624e+00  1.2346149e+00  1.2247123e+00  1.2032874e+00  1.1891441e+00
  1.5721196e+00  1.5733139e+00  1.5897822e+00  1.5778327e+00  1.6010364e+00  1.5951661e+00  1.6288661e+00  1.6329225e+00
  1.0401634e+00  1.0476159e+00  1.0475600e+00  1.0407825e+00  1.0316909e+00  1.0610164e+00  1.0767954e+00  1.1168662e+00
  3.0784971e-01  3.1412533e-01  2.8530494e-01  3.2118917e-01  3.5411128e-01  4.1247301e-01  4.4706066e-01  4.7355764e-01
  6.4491736e-02  8.0233531e-02  1.0644620e-01  1.5835037e-01  1.7590715e-01  1.5934034e-01  1.4753196e-01  1.2633987e-01
  2.0999996e-01  1.9784267e-01  1.5338955e-01  1.0719401e-01  6.6100973e-02  3.1831981e-02  5.2532090e-03  2.2681727e-02
  1.6717340e-01  1.4602273e-01  1.1173160e-01  5.9361354e-02  4.1403508e-02  1.5240102e-02  2.7335906e-02  4.0514729e-02
  -4.7482586e-02  -2.7034765e-02  5.0768915e-02  8.7457838e-02  1.1814530e-01  1.2593775e-01  1.0168171e-01  4.3672571e-02
  9.4206156e-04  1.4378491e-03  8.2471277e-03  2.2757729e-02  3.7301620e-02  7.4752891e-02  9.0353019e-02  8.7209662e-02
  7.9318891e-02  6.0100854e-02  1.7805111e-02  -5.8678538e-03  -2.6799826e-02  -1.7454592e-02  3.5123519e-02  9.8784241e-02
  8.2226055e-04  1.5482889e-02  4.1477408e-02  5.6952193e-02  5.7184348e-02  5.1960425e-02  3.5315542e-02  2.8602100e-02
  1.5352359e-02  1.8476137e-02  3.5338173e-02  7.4659898e-02  1.0126187e-01  7.6917013e-02  1.6942713e-02  -2.2902387e-02
  8.4548184e-02  8.4223983e-02  5.9801865e-02  1.1938173e-02  -1.9465672e-02  -1.3171773e-02  3.3012590e-02  7.8542521e-02
  9.2175864e-02  6.3931491e-02  2.4544371e-02  4.6324317e-03  8.3050611e-03  4.0407231e-02  7.3686709e-02  9.5750444e-02
  -3.2949496e-02  -8.1780845e-03  4.4433866e-02  9.1465465e-02  1.1669911e-01  1.0421745e-01  5.5878291e-02  8.5841714e-03
  -8.4095919e-04  2.7973481e-02  6.4275598e-02  8.3632891e-02  7.9368735e-02  5.2098511e-02  5.5257717e-02  5.6055218e-02
  1.4949343e-01  1.0184064e-01  3.3337583e-02  3.4195993e-03  8.6573381e-03  4.9542314e-02  7.6849749e-02  8.7254415e-02
  7.9130103e-02  8.8012144e-02  8.6489733e-02  4.6573372e-02  3.2916801e-02  4.3665127e-02  6.1726691e-02  8.6019239e-02
  3.5560207e-02  4.8410698e-02  7.7873223e-02  1.2290844e-01  1.2132028e-01  7.0396118e-02  2.8861161e-02  -7.2713995e-03
  6.8006157e-02  7.0226807e-02  7.4641369e-02  8.9303481e-02  8.6859610e-02  7.1131983e-02  2.2874794e-02  -1.3759802e-02
  1.0837082e-01  1.0048388e-01  7.4387168e-02  2.8574794e-02  6.4587611e-03  1.4054524e-02  4.2824332e-02  6.7658232e-02
  9.6073545e-02  7.2602063e-02  4.2988822e-02  2.4654175e-02  1.8302571e-02  2.0188552e-02  3.8079014e-02  4.9560401e-02
  -8.5307408e-03  1.4057346e-02  4.5653590e-02  5.6419243e-02  5.3382849e-02  4.4671450e-02  3.8096744e-02  4.4280562e-02
  -2.3141458e-02  -1.5223515e-02  1.0858006e-02  4.9253446e-02  6.0547896e-02  6.9564773e-02  7.1816397e-02  8.9920738e-02
  8.9707894e-03  3.4469073e-03  -5.1318604e-03  -3.9487238e-03  4.1541200e-02  1.0072501e-01  1.2632573e-01  8.6266215e-02
  1.7851006e-02  1.1932691e-02  1.4090806e-02  2.6720675e-02  5.7275207e-02  6.1809772e-02  6.0925763e-02  6.5922458e-02
  1.0074346e-02  2.8625830e-02  6.2551263e-02  8.2059882e-02  3.4690226e-02  3.6096289e-03  -5.8243829e-03  4.2562437e-02
  7.0547474e-02  8.5640761e-02  6.7754780e-02  2.8966642e-02  1.7598847e-02  1.3114471e-02  2.2056341e-02  2.8374980e-02
  1.6142663e-01  9.2511353e-02  2.5873372e-02  4.9703929e-03  2.8720896e-02  4.0225409e-02  4.4606857e-02  2.1350162e-02
  4.6205406e-02  7.6709830e-02  7.9875832e-02  5.1528787e-02  3.5102040e-02  3.4765792e-02  2.4618889e-02  2.8184411e-02
  -4.0334067e-03  1.6384770e-02  7.5136349e-02  1.1379201e-01  6.4694981e-02  1.3699202e-02  3.2643714e-02  5.1635892e-02
  2.0735241e-02  1.5401453e-02  2.0266315e-02  4.3653551e-02  9.4771243e-02  9.6745126e-02  5.3640930e-02  -2.0028038e-03
  4.0940350e-02  3.7571210e-02  1.4509022e-02  1.3458900e-02  5.3953906e-02  1.0611739e-01  5.8261559e-02  9.6836094e-04
  5.7496715e-02  5.0825581e-02  5.7593084e-02  6.1084264e-02  2.2295020e-02  -1.8707299e-02  6.1274288e-02  1.4732848e-01
  3.3628951e-02  5.6736414e-02  5.6545161e-02  1.6004920e-02  -2.6567003e-02  1.6092539e-02  4.7329170e-02  5.2759162e-02
  6.5260452e-02  4.1874606e-02  -3.9971852e-03  -1.1437190e-02  3.7555246e-02  3.8204305e-02  -2.9049137e-02  -2.6417640e-02
  1.0761127e-01  6.7528534e-02  8.2299229e-02  1.2382992e-01  1.0170630e-01  2.8828408e-02  4.6449317e-02  7.7574128e-02
  6.6861948e-02  1.5446178e-01  2.0317042e-01  1.6284685e-01  1.1929554e-01  1.7993272e-01  1.8316409e-01  1.1729469e-01
  2.0375885e-01  1.5924696e-01  1.2972782e-01  1.5781729e-01  2.1766074e-01  2.1423755e-01  1.8327042e-01  1.6202996e-01
  2.1355078e-01  1.5986184e-01  1.3818474e-01  1.7542422e-01  2.0546848e-01  1.6306261e-01  1.7289565e-01  1.9062017e-01
  6.1152756e-02  1.6289571e-01  2.0950841e-01  1.4596495e-01  8.7437107e-02  1.5733538e-01  1.6127096e-01  1.7920119e-01
  1.1905805e-01  8.3280855e-02  8.3310959e-02  1.1216880e-01  1.1454116e-01  6.8545660e-02  1.4643409e-01  1.4288541e-01
  9.5002436e-02  4.9160252e-02  9.3976492e-03  2.6175250e-02  7.9565090e-02  9.2510412e-02  1.7484157e-02  4.2819310e-02
  -6.7244125e-03  5.4747011e-02  5.0327201e-02  2.1696784e-02  7.5172721e-03  2.5509348e-02  3.7358604e-03  -4.0662452e-02
  4.6596817e-02  5.3904475e-03  6.5146060e-02  6.8094816e-02  7.4488062e-03  -4.7051522e-02  1.1078396e-02  1.6687937e-02
  3.0297590e-02  7.1249849e-02  2.1702596e-02  1.7910784e-02  3.5572525e-02  2.7838229e-02  -1.8542048e-02  2.8842082e-02
  9.7436623e-02  3.9879089e-02  2.9699877e-02  1.0762260e-02  2.5131346e-02  6.3986546e-02  4.7396134e-02  -9.6594058e-04
  3.2363373e-02  5.1731498e-02  3.1809992e-02  4.4697932e-02  3.7911059e-02  3.1216044e-02  7.1965958e-02  6.0175993e-02
  2.6533471e-03  2.0922609e-02  6.8675832e-02  5.2509626e-02  4.8208911e-02  4.8005232e-02  3.0013062e-02  6.9872410e-02
  2.3817081e-02  2.0822523e-02  2.5602207e-02  6.7702448e-02  6.3363160e-02  4.9050212e-02  5.5445111e-02  2.4390416e-02
  3.9708831e-02  3.4031170e-02  2.8627839e-02  2.4694070e-02  6.3547785e-02  6.9955593e-02  4.3636346e-02  4.8103402e-02
  4.1098631e-02  4.4549509e-02  3.7778894e-02  3.4636067e-02  2.1882970e-02  5.0173102e-02  6.3120918e-02  6.2181173e-02
  4.8879323e-02  4.4019255e-02  4.6721664e-02  3.5243784e-02  2.8101045e-02  1.2599193e-02  7.4512513e-02  1.2593222e-01
  4.6872645e-02  5.0194190e-02  4.3390769e-02  3.8362164e-02  3.2079423e-02  6.9099840e-02  6.9053784e-02  8.7651977e-02
  5.1488849e-02  4.5165254e-02  3.7906177e-02  4.1038846e-02  8.6495618e-02  7.8937583e-02  8.3896053e-02  6.0491293e-02
  4.2363290e-02  3.9538938e-02  4.9518034e-02  9.5867128e-02  7.8219100e-02  9.7669025e-02  6.6058270e-02  2.1456297e-02
  2.9013170e-02  5.0685461e-02  9.8494394e-02  7.7683405e-02  1.0453241e-01  6.3864785e-02  3.1684601e-02  7.4797314e-02
  6.9180517e-02  8.8848999e-02  7.3341170e-02  1.0642577e-01  6.0220748e-02  3.6046853e-02  8.8332569e-02  1.0221714e-01
  1.4984416e-01  9.2216188e-02  9.4442493e-02  5.1360440e-02  4.0611398e-02  9.9878995e-02  9.8795276e-02  3.9543911e-02
  1.0768322e-01  1.5490225e-01  7.4146679e-02  3.5137303e-02  1.0058221e-01  9.4493441e-02  4.1512294e-02  6.9227436e-02
  1.5988974e-01  8.4871057e-02  9.9407526e-02  1.3771731e-01  8.2895289e-02  3.7008750e-02  7.1758864e-02  5.4080520e-02
  6.3986890e-02  1.0893116e-01  1.4879390e-01  1.3492535e-01  7.6421838e-02  6.6921392e-02  5.1061411e-02  6.1126710e-02
  7.1361573e-02  1.3197870e-01  1.4098811e-01  8.5217374e-02  1.2038370e-01  9.5361287e-02  6.4037182e-02  7.4693395e-02
  2.1770105e-01  1.0760820e-01  7.0236780e-02  1.3573077e-01  1.0736515e-01  1.2221993e-01  1.2033315e-01  6.4895981e-02
  1.6493441e-01  1.7891917e-01  1.2949242e-01  1.0791352e-01  1.5219929e-01  1.3517218e-01  1.2168174e-01  1.1195203e-01
  1.1999286e-01  1.6921121e-01  2.1628417e-01  1.5387901e-01  1.4531067e-01  1.6803154e-01  1.5434129e-01  2.2380389e-01
  7.9928067e-02  7.1976311e-02  1.0840024e-01  1.8604607e-01  1.2745734e-01  1.3998087e-01  2.5597842e-01  1.9422232e-01
  2.9411282e-02  3.2698519e-02  2.7295209e-02  4.0855181e-02  1.1795008e-01  1.3951703e-01  8.7051655e-02  1.3180853e-01
  6.6737775e-03  1.8224607e-02  3.5829935e-03  2.1694431e-03  8.4741053e-02  8.6507855e-02  3.0327705e-02  9.4964635e-02
  2.7995570e-02  8.1889527e-03  3.1534330e-02  8.4658380e-02  6.0599857e-03  1.4639803e-02  1.3588645e-01  4.6007588e-02
  -8.0245729e-03  2.5987169e-02  7.8385421e-02  3.2137408e-02  2.4512891e-02  7.1042489e-02  4.9050827e-02  4.4711651e-02
  2.4984647e-02  5.9133742e-02  1.2996187e-02  2.6922331e-03  8.3504192e-02  4.0029458e-02  -2.8549258e-02  3.4169580e-02
  1.3591346e-01  2.8403059e-02  5.0998515e-03  8.0458704e-02  2.7482923e-02  -8.5425343e-03  2.3543550e-02  7.1514190e-02
  1.7276286e-02  7.3298390e-02  9.2391427e-02  2.8252949e-02  -9.4998948e-03  2.2324362e-02  1.0346827e-01  4.6621018e-02
  1.6193361e-02  8.7066317e-02  1.0129386e-01  1.2956721e-02  3.4391014e-02  1.0838544e-01  5.1947768e-02  2.1717775e-02
  1.5970544e-01  5.1689405e-02  1.6721726e-02  1.1649017e-01  1.4195255e-01  7.8720113e-02  4.3305314e-02  8.4806400e-02
  9.1069914e-02  9.8161653e-02  7.1049015e-02  1.3970769e-01  1.4634373e-01  5.6848373e-02  8.4191602e-02  1.4992123e-01
  2.8684781e-02  1.0357023e-01  2.0381245e-01  7.8241675e-02  2.0112930e-02  1.0105002e-01  1.0221625e-01  2.0966446e-02
  5.5847339e-02  7.5706644e-02  5.2459006e-02  3.9964257e-02  6.8717543e-03  6.3755848e-02  5.5476390e-02  -4.1559778e-02
  1.0883663e-01  -1.0968301e-02  -8.4926292e-02  -6.3785295e-03  1.0301575e-01  -8.4959658e-03  -4.0286793e-02  7.6942627e-03
  -1.1079647e-02  -9.0112033e-03  -3.5326193e-02  -1.6638188e-03  -1.1897087e-02  -6.1799315e-03  -7.0361495e-02  -2.1186888e-02
  -9.6098871e-02  -1.6012570e-02  9.4438668e-02  -1.5612876e-02  -8.3970821e-02  -5.5945631e-02  1.6933638e-02  3.9185572e-02
  -2.6973272e-02  3.4645564e-03  -1.6555414e-03  6.8291269e-03  -5.9449300e-02  -5.3562480e-02  6.2847552e-02  7.9041254e-02
  9.6525336e-02  -1.5397968e-02  -8.6358981e-02  -5.5486934e-02  1.8316514e-02  4.6010569e-02  1.3130117e-02  -2.4519371e-02
  1.2549116e-03  1.3551077e-02  -5.5148117e-02  -5.6822116e-02  6.2606254e-02  8.7451147e-02  -4.7138238e-02  -7.7924028e-02
  -6.6885205e-02  -4.2164238e-02  2.6529502e-02  5.1485858e-02  2.0385105e-02  -1.5277938e-02  2.7163005e-03  -5.6285771e-02
  -8.6618384e-02  -5.8844282e-02  5.5802013e-02  9.0014786e-02  -4.3016747e-02  -7.3683895e-02  -2.6863085e-02  -6.3688360e-03
  -6.2084475e-02  7.5290822e-03  2.0493945e-02  -2.2611446e-02  -5.9411656e-03  -6.9423960e-02  -9.5426998e-02  -6.5378343e-03
  1.1378823e-01  2.8573752e-02  -6.7135305e-02  -7.3288076e-02  -3.7744104e-02  -1.6458920e-02  -4.0130553e-02  2.6327822e-02
  1.1426662e-01  3.2989033e-02  -7.0896564e-02  -7.9384176e-02  -7.6037589e-02  -3.0378331e-03  1.0810181e-01  2.0666447e-02
  -3.7175207e-02  2.1368968e-02  2.2378905e-02  -7.4057012e-02  -5.2839708e-02  4.0717859e-02  4.7977555e-02  -4.0426851e-03
  -6.9464182e-02  -4.4550402e-02  1.5919003e-02  3.0248893e-02  2.5404702e-02  6.6667736e-04  -5.7444441e-02  -3.1469591e-02
  -6.3622871e-02  -8.6333882e-02  -4.4407260e-02  1.1780951e-01  9.4072124e-02  -6.6466769e-02  -7.9520102e-02  -5.4465714e-02
  -1.0032011e-01  -6.3260586e-02  2.1199957e-02  3.3819977e-02  3.0556939e-02  1.6914585e-03  -6.7154261e-02  -6.8044351e-02
  -6.3477297e-02  5.0377841e-03  1.2023335e-02  -6.9228743e-02  -5.4609961e-02  3.0518236e-02  6.9068524e-04  -9.0460906e-02
  8.9316712e-02  5.3851058e-03  -8.2074941e-02  -8.2612863e-02  -8.1288322e-02  -5.5526904e-02  7.5129539e-03  -3.8797127e-02
  8.5183720e-02  3.1075141e-03  -1.0038017e-01  -9.8363769e-02  -8.1951135e-02  -1.0246368e-01  -9.1752310e-02  2.7915039e-02
  -6.1447767e-02  -1.2490200e-03  2.6950491e-03  -8.5171541e-02  -1.0447099e-01  -1.0558738e-01  -6.9105134e-02  1.0257294e-02
  -6.8350077e-02  -3.9961382e-02  3.3794494e-02  1.2539681e-02  -9.0264809e-02  -5.8857356e-02  7.0668038e-03  -9.0146931e-03
  -3.3036526e-02  -4.0332978e-02  -2.5881046e-02  2.6611250e-02  3.3329131e-02  1.3874583e-02  9.5279495e-03  4.9331282e-03
  -1.9208626e-02  -3.5555861e-02  -6.9668711e-02  -1.9972105e-02  1.2973421e-01  9.9444076e-02  5.6653172e-03  7.0108126e-03
  -2.6218454e-02  -3.8171175e-02  -1.9750075e-02  4.2923489e-02  6.7052265e-02  1.2593812e-01  8.7050711e-02  9.2836589e-03
  -5.6660264e-02  -1.3782354e-02  6.8710597e-02  6.3777506e-02  2.5195094e-02  4.1768689e-02  1.1087938e-01  6.9588643e-02
  -3.4535976e-02  2.4760680e-02  4.7440396e-02  3.4026420e-02  2.7284661e-02  7.7714536e-03  2.8365018e-02  9.4183762e-02
  7.5846625e-02  1.6928789e-02  -7.6418504e-03  2.9649843e-03  2.6452536e-03  4.3080996e-03  -2.3429797e-03  2.8600167e-02
  8.9562681e-02  4.6849524e-02  -3.5927668e-02  -3.6580022e-02  -1.2589793e-02  -7.9287654e-03  -7.9002616e-03  -1.6319140e-02
  5.8985841e-02  7.0316211e-02  4.8231359e-02  -2.5483452e-02  -2.3094051e-02  -3.6554387e-03  -3.2539245e-03  -5.8205278e-03
  3.9962422e-02  5.5468928e-02  7.9982237e-02  5.2980662e-02  -2.2837432e-02  -1.6743096e-02  8.0540650e-03  2.0299876e-02
  2.6499419e-02  2.1285190e-02  2.6753068e-02  5.3523839e-02  3.1843771e-02  -3.3768819e-02  -2.8951955e-02  -1.9364140e-02
  -2.6803717e-02  -2.6703045e-02  -2.4732836e-02  -1.6142304e-02  3.7945557e-03  -2.9156255e-02  -9.1562022e-02  -8.3452366e-02
  -4.1483092e-02  -3.3663276e-02  -2.9061117e-02  -3.4575489e-02  -3.2458716e-02  -1.7641035e-02  -5.1915491e-02  -9.5772136e-02
  -1.7174506e-02  -2.6309380e-02  -3.0069214e-02  -2.0189186e-02  -1.1689906e-02  1.7712470e-05  1.0410492e-02  -4.4373083e-02
  -1.9437115e-02  -1.7872707e-02  -1.5487122e-02  -1.1907187e-02  -4.2753145e-03  2.9301009e-03  1.4777501e-02  2.5549733e-02
  -2.3221753e-02  -1.2093960e-02  -6.8554031e-03  -1.4958678e-02  -2.2264499e-02  -2.1583664e-02  -8.6491582e-03  1.9394860e-02
  -2.2440847e-02  -3.1514056e-02  -3.5398423e-02  -2.8567948e-02  -2.3851736e-02  -1.9840762e-02  -1.5530902e-02  -8.3290530e-03
  -1.6121656e-02  -2.2373813e-02  -2.2987491e-02  -1.6399468e-02  -4.7743575e-03  5.6040077e-03  4.3657261e-03  -3.3993679e-03
  -6.0200879e-03  1.7505801e-03  4.2095429e-03  3.2961782e-04  -4.9898831e-03  -1.1650412e-02  -8.2116794e-03  6.2681682e-04
  -2.0387979e-02  -1.1663640e-02  -9.0323239e-03  -1.7836695e-02  -2.7602574e-02  -3.2113213e-02  -2.8627283e-02  -1.6008501e-02
  -3.2104388e-02  -4.2344303e-02  -4.6052466e-02  -3.8284612e-02  -3.1545379e-02  -2.4508126e-02  -2.1148503e-02  -7.5652691e-03
  -2.9666354e-02  -3.5729449e-02  -3.5581335e-02  -2.7873761e-02  -1.5149339e-02  -3.7944015e-03  6.9190316e-03  2.8686751e-03
  -2.9248010e-02  -2.1755871e-02  -2.0045380e-02  -2.4012868e-02  -2.7822855e-02  -2.3003459e-02  -9.7527170e-03  -6.6827615e-02
  -5.4995038e-02  -4.7030853e-02  -4.4389686e-02  -5.1864369e-02  -5.1327172e-02  -4.3160117e-02  -9.7262667e-02  -1.4997931e-01
  -5.0832957e-02  -5.9007986e-02  -5.8220927e-02  -3.9931105e-02  -1.9884006e-02  -6.6245436e-02  -1.3822720e-01  -1.0728070e-01
  -1.4735764e-02  -1.9063391e-02  -1.3435966e-02  6.5569537e-03  -2.2805678e-02  -8.7914132e-02  -5.2829204e-02  2.1713214e-02
  2.3855700e-03  1.2175687e-02  2.9349508e-02  -4.1631092e-03  -8.6202210e-02  -5.5719409e-02  2.7404464e-02  3.2409355e-02
  1.5983087e-02  3.6877690e-02  1.5068514e-02  -7.3718620e-02  -6.0400286e-02  4.8451384e-03  -1.5469732e-03  -2.2443941e-02
  2.4182944e-02  -1.3172228e-02  -1.0054810e-01  -8.1707365e-02  -8.4257303e-03  -1.2411944e-02  -3.4106017e-02  -3.6507449e-02
  -3.4581680e-02  -1.0812024e-01  -1.2422178e-01  -5.8449861e-02  -4.8450999e-02  -5.4767184e-02  -5.4540073e-02  -4.9542558e-02
  -1.9142599e-01  -1.1362481e-01  -3.4637492e-02  -4.7112370e-02  -6.3599774e-02  -6.0663558e-02  -4.2308165e-02  -3.7742436e-02
  -1.2990898e-01  -5.2174034e-02  4.9752432e-02  5.0537546e-02  3.1667023e-02  3.3140806e-02  3.1061433e-02  3.9405951e-03
  7.5779407e-02  1.7028573e-02  1.2169669e-02  9.3360076e-02  9.7103096e-02  7.4778432e-02  3.7859765e-02  3.6281052e-02
  1.0144787e-01  7.4037397e-02  -4.5935049e-03  7.9022868e-03  9.5262665e-02  7.3943107e-02  5.5640614e-02  6.3859240e-02
  5.9884053e-02  7.7359216e-02  6.7892445e-02  -1.3287682e-03  -1.2006205e-03  6.9814057e-02  7.6901142e-02  5.9205880e-02
  3.2641196e-02  3.6804136e-02  5.5072917e-02  3.0211541e-02  -5.6265002e-02  -2.3955280e-02  5.2427577e-02  4.3061628e-02
  -1.7531593e-03  -1.2946480e-03  -6.4459766e-03  -8.7328878e-03  -1.5101342e-02  -7.7576988e-02  -5.2848924e-02  1.7639868e-02
  -4.5706522e-05  -1.0584664e-02  -3.0918338e-02  -2.7915722e-02  -1.3546487e-02  -3.5886005e-02  -9.5577823e-02  -2.7363186e-02
  -4.8189216e-04  -1.4789679e-02  -1.5685162e-02  -8.3207263e-03  -6.7876787e-03  2.4519214e-03  8.8097993e-03  -4.3432302e-02
  -8.3023844e-03  7.8323736e-03  1.2989105e-02  6.5941384e-03  2.6398920e-03  3.2698445e-02  5.4503436e-02  -2.9105909e-02
  -1.6793610e-03  6.5368095e-03  1.8860108e-02  8.9135898e-03  3.3010062e-02  5.6955591e-02  -1.7592599e-03  -1.3970257e-02
  9.0989960e-03  3.0768619e-03  4.0917984e-03  4.6611188e-02  6.4872349e-02  -1.2238780e-02  -3.6273948e-02  6.2187172e-04
  4.6834240e-03  -3.0828737e-03  1.6861444e-02  5.7228042e-02  2.7083459e-03  -2.9373597e-02  3.5730793e-03  8.2714991e-02
  -2.3212922e-02  1.1616333e-02  5.1568845e-02  -1.7447521e-02  -2.9131358e-02  2.6804698e-02  9.5409946e-02  6.0108234e-02
  3.8337246e-02  4.9832740e-02  -8.7039363e-03  -3.9350671e-02  -4.4473857e-03  8.9325930e-02  7.6670836e-02  -2.6833780e-02
  1.3109602e-01  1.9737916e-02  -4.7649847e-02  -4.5549074e-03  7.2250545e-02  4.8009387e-02  -2.8589268e-02  3.0381069e-03
  -1.0352093e-02  2.3852676e-02  1.9813606e-02  7.0820151e-02  6.1412910e-02  -4.0442267e-02  -2.7705270e-02  8.2210209e-02
  -6.9974859e-02  3.4244427e-03  1.4334794e-01  7.8091215e-02  -5.3364968e-02  -3.2334064e-02  6.1033471e-02  4.3992767e-02
  -1.8994904e-02  2.5682463e-02  5.6448194e-02  2.7989048e-02  -6.4691494e-03  6.1395190e-02  5.3997747e-02  -4.1758085e-02
  1.2944755e-01  4.2551995e-02  -8.0757405e-02  -2.5800079e-02  1.3618235e-01  7.2264037e-02  -5.3667138e-02  -2.7117773e-02
  1.3198388e-01  4.5904150e-02  -3.0645839e-02  2.2573683e-02  5.5876417e-02  2.8279135e-02  -1.0985473e-02  4.6150646e-02
  -6.2935719e-02  3.1995944e-02  1.2850875e-01  4.9427460e-02  -7.5515086e-02  -1.6765708e-02  1.4878377e-01  9.2960985e-02
  -6.9537716e-02  2.0905437e-02  1.1571466e-01  3.0303049e-02  -3.2978046e-02  4.3485225e-02  1.1039515e-01  1.4842807e-01
  1.1659937e-01  3.3778590e-02  -5.2229447e-02  6.1642004e-02  1.8569819e-01  1.2413098e-01  3.5823028e-02  1.4967457e-01
  1.2070780e-01  4.8602737e-02  -4.8659187e-03  1.1959630e-01  2.2257735e-01  1.5702156e-01  1.2656620e-01  7.1538071e-02
  -5.6778170e-03  1.0504757e-01  2.0724879e-01  1.1013847e-01  2.9347055e-02  1.7510908e-01  1.8095611e-01  2.7865538e-02
  4.2735855e-02  1.2940318e-01  1.9464715e-01  1.0449090e-01  6.2485822e-02  5.9563016e-02  8.0490707e-02  1.5670020e-01
  1.9280910e-01  9.4896052e-02  2.0089222e-02  1.6249934e-01  1.6099448e-01  -8.7931581e-03  4.0579225e-02  1.3770100e-01
  1.4867622e-01  8.5776703e-02  5.8317443e-02  6.3655802e-02  8.5954617e-02  1.4868171e-01  5.9654375e-02  -3.3167805e-02
  1.3068956e-02  1.2156495e-01  1.2982910e-01  -2.1386184e-02  3.3414682e-02  1.3791373e-01  7.6784466e-02  3.6474047e-02
  1.1371908e-01  6.2645966e-02  5.4034813e-02  1.1534853e-01  3.8108469e-02  -4.4527319e-02  9.5471989e-02  1.3900961e-01
  1.1651162e-01  4.8885961e-02  4.9293090e-02  1.1376049e-01  5.2371161e-02  1.1438722e-02  2.0464712e-02  8.3374526e-02
  -1.5539162e-02  9.9368684e-02  1.0756978e-01  -1.6359351e-02  8.1696339e-02  1.2293256e-01  1.9682674e-02  1.3718336e-02
  9.2059698e-02  4.0453805e-02  2.7937880e-02  7.8819546e-02  5.3064524e-02  8.2069075e-02  1.1644147e-01  3.9357294e-02
  9.6496004e-02  3.2444554e-02  2.0997512e-02  9.5122496e-02  8.3875462e-02  4.7450979e-02  8.1169492e-02  6.2632771e-02
  -3.4534368e-02  7.1646130e-02  1.0370174e-01  3.2331563e-02  8.4040614e-02  7.8853846e-02  1.5740975e-03  6.7156799e-02
  6.1948822e-02  3.1776068e-02  6.6444423e-02  7.7475472e-02  2.3922789e-02  4.2514384e-02  7.9724300e-02  7.7332012e-02
  1.5816071e-01  7.8306018e-02  1.3316656e-02  5.6564222e-02  4.2019059e-02  2.3774806e-02  1.0122537e-01  9.5962593e-02
  1.9828925e-01  1.8275374e-01  1.1175952e-01  6.1065157e-03  5.7742593e-02  1.0358021e-01  4.2832974e-02  7.0308459e-02
  1.8914665e-01  2.0310172e-01  1.9843509e-01  1.6399238e-01  1.1013455e-01  8.9969161e-02  8.4460483e-02  3.2260271e-02
  1.5088849e-01  1.4859469e-01  1.9079203e-01  2.6954524e-01  2.1339418e-01  1.3655721e-01  1.0906443e-01  9.2859575e-02
  9.1650353e-02  1.3804625e-01  1.8606401e-01  1.7236510e-01  2.2927110e-01  2.0531971e-01  1.6857501e-01  1.5841980e-01
  1.1689849e-01  1.3850966e-01  1.3190720e-01  1.4852090e-01  1.4137002e-01  2.0754733e-01  1.9052499e-01  1.6743899e-01
  1.9264772e-01  1.2559498e-01  1.1494626e-01  1.1752097e-01  1.2804393e-01  1.1658898e-01  1.7424963e-01  1.6564117e-01
  1.2590530e-01  1.7047396e-01  1.1356472e-01  9.9528360e-02  1.0996977e-01  1.1002142e-01  1.0585693e-01  1.5145447e-01
  1.3392192e-01  1.0399282e-01  1.5747297e-01  1.1448536e-01  9.3072402e-02  1.1216337e-01  9.9584133e-02  9.8740570e-02
  9.3411608e-02  1.3040530e-01  1.0137160e-01  1.4798310e-01  1.1402574e-01  7.8196364e-02  1.0028879e-01  7.6482559e-02
  1.2613219e-01  9.2065678e-02  1.2624478e-01  9.9470650e-02  1.3340031e-01  1.1041606e-01  5.7232025e-02  9.9253198e-02
  7.9175843e-02  1.1505551e-01  8.3869978e-02  1.1474099e-01  9.3209205e-02  1.0701897e-01  1.3214034e-01  1.1033789e-01
  1.0819396e-01  7.3375542e-02  1.0549969e-01  6.9668704e-02  8.7146095e-02  1.1898797e-01  1.5167422e-01  1.3960829e-01
  6.4275601e-02  9.8672630e-02  5.7487977e-02  9.0648379e-02  1.0967159e-01  1.2760527e-01  1.1444955e-01  1.1826318e-01
  9.1585857e-02  4.9907391e-02  9.2075719e-02  1.0066260e-01  1.1521491e-01  9.7367934e-02  9.2590335e-02  8.9731794e-02
  2.6778735e-02  8.4284032e-02  9.2948010e-02  1.0719418e-01  8.6012146e-02  8.5013169e-02  7.7294520e-02  7.8822906e-02
  8.5500341e-02  6.5917170e-02  8.4595573e-02  6.9145602e-02  7.5210689e-02  6.8574553e-02  8.3802486e-02  1.3851677e-01
  1.1309216e-01  9.5408342e-02  4.8781533e-02  5.5822804e-02  5.4408376e-02  8.0062531e-02  1.2260035e-01  7.8241299e-02
  1.0059463e-01  1.0256361e-01  9.0465284e-02  4.6327004e-02  6.7503889e-02  1.0352046e-01  6.3111865e-02  1.0167091e-01
  7.6534580e-02  7.5022663e-02  8.4771547e-02  1.2656438e-01  1.0305751e-01  5.3552608e-02  9.5428847e-02  8.2056143e-02
  5.0853955e-02  6.7509806e-02  1.1694566e-01  1.0744127e-01  1.0657904e-01  1.0666795e-01  6.7388394e-02  8.1864689e-02
  7.5299653e-02  9.4738546e-02  6.5618299e-02  8.6372465e-02  1.0457788e-01  1.1412657e-01  1.1050541e-01  9.2898914e-02
  1.2819800e-01  6.7085335e-02  7.1987935e-02  7.4109517e-02  9.1487636e-02  1.0522577e-01  1.1949241e-01  8.1006288e-02
  4.9988206e-02  1.1306269e-01  1.1107339e-01  8.0557589e-02  7.4657746e-02  7.7937605e-02  5.4082883e-02  4.8604920e-02
  1.1389757e-01  8.5753156e-02  9.4685680e-02  1.1776777e-01  7.3828543e-02  2.5816500e-02  3.3351937e-02  1.1872853e-01
  1.3314091e-01  1.1569677e-01  8.5074021e-02  6.1541898e-02  6.9665238e-02  5.9416330e-02  1.0674611e-01  9.0763227e-02
  5.9182615e-02  8.0374877e-02  6.5258891e-02  1.2932432e-02  1.2940722e-02  1.0190334e-01  7.3775219e-02  2.0580467e-02
  -3.3741646e-02  -5.5397553e-02  -4.8445567e-02  7.9652867e-03  3.3215984e-02  -2.8304243e-02  -4.9270775e-02  -3.0057518e-02
  -7.8499818e-02  -6.6497243e-02  -1.6620308e-02  3.2266664e-02  3.0435896e-02  -1.9820023e-02  -4.0628770e-02  -2.5348637e-02
  -3.5249627e-02  1.9648054e-02  4.1847004e-02  3.4867573e-03  -2.8817549e-02  4.6039816e-02  6.5182132e-02  1.0595249e-02
  1.1845105e-01  5.4391386e-02  -1.5678746e-02  -2.2525656e-02  1.8853697e-02  1.8239657e-02  4.6396543e-02  4.6327497e-02
  8.1292213e-02  5.1223670e-02  2.5969646e-02  1.9826391e-02  2.3821843e-02  1.5088848e-02  -2.7726148e-02  -5.7412381e-03
  -4.8978731e-02  3.4631693e-02  1.0172514e-01  8.5942813e-02  1.2883487e-02  -1.4851620e-02  -1.2834806e-02  3.8526045e-03
  4.5892073e-02  1.3882946e-02  2.0149215e-02  5.8535771e-02  5.4806912e-02  4.4022895e-03  3.3486304e-02  6.8865957e-02
  8.0397924e-02  5.8382667e-02  -9.5737743e-03  -4.4623963e-02  2.1316087e-02  1.1863018e-01  1.0416107e-01  6.2273231e-02
  2.9506791e-02  2.9856538e-02  2.3947483e-02  1.6463586e-02  2.3345861e-02  5.5402782e-02  9.6821811e-02  9.4150909e-02
  -2.7651203e-02  -1.3483349e-02  5.1552728e-02  1.0749682e-01  8.8114263e-02  1.7387183e-02  -3.9787606e-03  3.2310288e-02
  -1.9132895e-02  2.2299228e-02  5.7589931e-02  7.2832785e-02  7.6550508e-02  6.6263556e-02  1.2451244e-02  -4.2937916e-02
  1.0402048e-01  6.3951030e-02  2.5429371e-02  1.1801713e-02  2.3615551e-02  3.4932219e-02  4.6986298e-02  3.4240441e-02
  1.1111995e-01  9.6843538e-02  4.6649810e-02  -1.5088558e-02  -2.5660211e-02  -7.2027221e-03  5.2054311e-02  9.7363551e-02
  5.1180780e-02  5.5294930e-02  5.4790665e-02  3.6061745e-02  7.4158058e-03  1.7585642e-02  2.4602037e-02  4.0880746e-02
  -5.7513875e-03  2.0417582e-03  3.5874890e-02  8.8956886e-02  1.0064361e-01  5.3108884e-02  -5.0047564e-03  -1.1642150e-02
  -8.6250935e-03  1.2508769e-02  4.1287571e-02  5.3328169e-02  6.2665521e-02  6.3724479e-02  6.2190208e-02  4.5284275e-02
  7.3854146e-02  4.9869930e-02  1.6193601e-02  -2.8019982e-04  1.4123013e-02  7.1372165e-02  1.0300983e-01  9.6038431e-02
  4.6517669e-02  4.4991518e-02  4.4411716e-02  4.5809591e-02  4.4792544e-02  3.8231937e-02  3.7823833e-02  4.8226432e-02
  1.5897150e-02  3.8046394e-02  7.0053500e-02  7.6994076e-02  6.1571712e-02  2.4432184e-02  1.7651495e-02  4.1358939e-02
  8.5979119e-02  6.6357095e-02  3.5271000e-02  1.9930955e-02  2.8911357e-02  6.5011036e-02  9.5562408e-02  7.5759835e-02
  4.6560816e-02  4.3210470e-02  4.1682956e-02  5.7883999e-02  6.8626858e-02  7.3991239e-02  5.1141533e-02  3.6693804e-02
  -4.5827113e-03  2.3950021e-02  7.4275643e-02  1.0959759e-01  9.6981397e-02  4.3412768e-02  4.5637253e-03  1.1570644e-02
  1.1364587e-01  1.0220134e-01  6.6577285e-02  8.6673741e-03  -7.4428873e-03  1.7282114e-02  5.2066954e-02  4.8628884e-02
  1.5004857e-01  1.0766257e-01  3.8178819e-02  5.0661059e-03  2.1187967e-03  1.1052042e-02  5.3872005e-03  2.6358547e-03
  -4.5442353e-02  -5.0301932e-03  5.4926481e-02  9.3644907e-02  8.6171603e-02  3.7855426e-02  1.7627502e-02  4.0342300e-02
  -4.2704632e-02  -3.5401156e-02  -1.4998065e-02  2.7062250e-02  7.2935336e-02  1.0984938e-01  1.1975048e-01  7.9374566e-02
  4.9245716e-02  2.7292315e-02  8.8529618e-03  -8.1982911e-04  -6.6548849e-03  1.7851055e-02  4.6706237e-02  7.9222874e-02
  6.9531265e-02  7.7845839e-02  7.3287346e-02  3.2720822e-02  -6.6907559e-03  -2.0710736e-03  1.9115517e-03  2.0998206e-02
  5.4662930e-02  4.3592842e-02  5.4070681e-02  7.1263283e-02  1.1257105e-01  8.0271103e-02  4.0288666e-02  -9.1828078e-03
  4.0728669e-02  5.1480449e-02  7.6415166e-02  6.8425582e-02  5.7082220e-02  5.2154440e-02  7.1274292e-02  9.4187370e-02
  1.0692243e-01  9.3530136e-02  5.7086119e-02  5.9702293e-02  3.5881844e-02  5.7390796e-02  7.4407763e-02  1.1065364e-01
  1.5996994e-01  1.6644712e-01  1.5924919e-01  1.9443228e-01  2.3203700e-01  2.4347336e-01  2.5512531e-01  2.6063862e-01
  6.9973156e-01  7.3275624e-01  7.9811983e-01  8.3205546e-01  8.8192099e-01  9.3221738e-01  9.7019109e-01  9.9569532e-01
  1.6763983e+00  1.6692592e+00  1.6558588e+00  1.6236404e+00  1.5969868e+00  1.6024674e+00  1.6143200e+00  1.6312978e+00
  1.5629063e+00  1.5476224e+00  1.5079453e+00  1.4712433e+00  1.4445119e+00  1.4067834e+00  1.3691973e+00  1.3446926e+00
  1.0338019e+00  1.0422114e+00  1.0667554e+00  1.0869166e+00  1.1033242e+00  1.0710835e+00  1.0599696e+00  1.0350866e+00
  8.6317312e-01  8.6508741e-01  8.4729095e-01  8.6152104e-01  8.5376511e-01  8.7732996e-01  8.9306174e-01  9.0210950e-01
  7.6493060e-01  7.6804228e-01  7.5746546e-01  7.6891381e-01  7.5052607e-01  7.5607176e-01  7.2679095e-01  7.2691428e-01
  6.9000300e-01  6.9028387e-01  6.9294643e-01  6.7189211e-01  6.9825286e-01  6.8844035e-01  7.0965736e-01  6.9734523e-01
  5.4678123e-01  5.3797726e-01  5.5471972e-01  5.2728872e-01  5.1478750e-01  5.1544256e-01  5.0193190e-01  4.9099382e-01
  -2.1935650e-01  -2.3790040e-01  -2.5002029e-01  -2.6895257e-01  -3.3711200e-01  -4.1759338e-01  -5.0985711e-01  -6.0411145e-01
  -1.4206745e+00  -1.4307111e+00  -1.4584246e+00  -1.4660000e+00  -1.4711461e+00  -1.4813499e+00  -1.4872301e+00  -1.4963593e+00
  -1.3173272e+00  -1.3110331e+00  -1.3064928e+00  -1.2959577e+00  -1.2736599e+00  -1.2446378e+00  -1.2131297e+00  -1.1771923e+00
  -7.8572461e-01  -7.7997253e-01  -7.7044784e-01  -7.6150387e-01  -7.5203753e-01  -7.4086636e-01  -7.2779254e-01  -7.1303568e-01
  -5.5047145e-01  -5.4844530e-01  -5.4564918e-01  -5.4214563e-01  -5.3765423e-01  -5.3224034e-01  -5.2590589e-01  -5.1878478e-01
  -4.3140078e-01  -4.3018163e-01  -4.2839880e-01  -4.2619580e-01  -4.2339964e-01  -4.1995625e-01  -4.1600244e-01  -4.1143942e-01
  -3.5455993e-01  -3.5375366e-01  -3.5266259e-01  -3.5116614e-01  -3.4926919e-01  -3.4700743e-01  -3.4430838e-01  -3.4128794e-01
  -3.0131896e-01  -3.0075680e-01  -2.9991973e-01  -2.9883617e-01  -2.9742553e-01  -2.9566874e-01  -2.9366321e-01  -2.9132420e-01
  -2.6106494e-01  -2.6062833e-01  -2.6004418e-01  -2.5920390e-01  -2.5814619e-01  -2.5689234e-01  -2.5538016e-01  -2.5369396e-01
  -2.3047900e-01  -2.3015553e-01  -2.2965521e-01  -2.2900641e-01  -2.2815335e-01  -2.2708537e-01  -2.2587101e-01  -2.2444527e-01
  -2.0560359e-01  -2.0532782e-01  -2.0496423e-01  -2.0442385e-01  -2.0374866e-01  -2.0295129e-01  -2.0198303e-01  -2.0090681e-01
  -1.8570755e-01  -1.8549856e-01  -1.8516183e-01  -1.8473073e-01  -1.8415970e-01  -1.8344285e-01  -1.8263064e-01  -1.8167240e-01
  -1.6882376e-01  -1.6863237e-01  -1.6838498e-01  -1.6800738e-01  -1.6753958e-01  -1.6698869e-01  -1.6631635e-01  -1.6557138e-01
  -1.5485411e-01  -1.5470881e-01  -1.5446506e-01  -1.5415886e-01  -1.5375035e-01  -1.5323686e-01  -1.5265707e-01  -1.5197034e-01
  -1.4266321e-01  -1.4252159e-01  -1.4234299e-01  -1.4206374e-01  -1.4172112e-01  -1.4131852e-01  -1.4082519e-01  -1.4028029e-01
  -1.3232691e-01  -1.3222059e-01  -1.3203508e-01  -1.3180716e-01  -1.3150075e-01  -1.3111549e-01  -1.3068197e-01  -1.3016675e-01
  -1.2312611e-01  -1.2301633e-01  -1.2288180e-01  -1.2266656e-01  -1.2240527e-01  -1.2209877e-01  -1.2172193e-01  -1.2130704e-01
  -1.1517833e-01  -1.1509753e-01  -1.1495105e-01  -1.1477535e-01  -1.1453721e-01  -1.1423791e-01  -1.1390227e-01  -1.1350218e-01
  -1.0799845e-01  -1.0791032e-01  -1.0780567e-01  -1.0763445e-01  -1.0742893e-01  -1.0718820e-01  -1.0689135e-01  -1.0656561e-01
  -1.0170408e-01  -1.0164085e-01  -1.0152188e-01  -1.0138270e-01  -1.0119241e-01  -1.0095348e-01  -1.0068647e-01  -1.0036727e-01
  -9.5952762e-02  -9.5880058e-02  -9.5796581e-02  -9.5656943e-02  -9.5491310e-02  -9.5297513e-02  -9.5057912e-02  -9.4795879e-02
  -9.0849618e-02  -9.0798963e-02  -9.0700152e-02  -9.0587455e-02  -9.0431982e-02  -9.0237038e-02  -9.0019927e-02  -8.9759691e-02
  -8.6144530e-02  -8.6083237e-02  -8.6015287e-02  -8.5899085e-02  -8.5762934e-02  -8.5603764e-02  -8.5406516e-02  -8.5191542e-02
  -8.1927460e-02  -8.1886105e-02  -8.1802525e-02  -8.1709629e-02  -8.1580255e-02  -8.1418326e-02  -8.1238592e-02  -8.1022608e-02
  -7.8010926e-02  -7.7958336e-02  -7.7902097e-02  -7.7803774e-02  -7.7690014e-02  -7.7557099e-02  -7.7392038e-02  -7.7212772e-02
  -7.4470417e-02  -7.4436116e-02  -7.4364349e-02  -7.4286621e-02  -7.4177307e-02  -7.4040775e-02  -7.3889730e-02  -7.3707778e-02
  -7.1162531e-02  -7.1116750e-02  -7.1069549e-02  -7.0985187e-02  -7.0888820e-02  -7.0776266e-02  -7.0636227e-02  -7.0484667e-02
  -6.8150017e-02  -6.8121186e-02  -6.8058778e-02  -6.7992910e-02  -6.7899343e-02  -6.7782754e-02  -6.7654190e-02  -6.7498952e-02
  -6.5321432e-02  -6.5281095e-02  -6.5241005e-02  -6.5167760e-02  -6.5085164e-02  -6.4988708e-02  -6.4868492e-02  -6.4738843e-02
  -6.2728677e-02  -6.2704164e-02  -6.2649310e-02  -6.2592882e-02  -6.2511898e-02  -6.2411249e-02  -6.2300611e-02  -6.2166714e-02
  -6.0284055e-02  -6.0248152e-02  -6.0213753e-02  -6.0149509e-02  -6.0077996e-02  -5.9994479e-02  -5.9890229e-02  -5.9778192e-02
  -5.8030369e-02  -5.8009322e-02  -5.7960660e-02  -5.7911859e-02  -5.7841087e-02  -5.7753374e-02  -5.7657252e-02  -5.7540664e-02
  -5.5897930e-02  -5.5865695e-02  -5.5835916e-02  -5.5779068e-02  -5.5716602e-02  -5.5643635e-02  -5.5552427e-02  -5.5454747e-02
  -5.3921951e-02  -5.3903724e-02  -5.3860207e-02  -5.3817652e-02  -5.3755281e-02  -5.3678207e-02  -5.3593994e-02  -5.3491631e-02
  -5.2046640e-02  -5.2017482e-02  -5.1991500e-02  -5.1940808e-02  -5.1885820e-02  -5.1821563e-02  -5.1741142e-02  -5.1655313e-02
  -5.0300889e-02  -5.0284983e-02  -5.0245796e-02  -5.0208415e-02  -5.0153037e-02  -5.0084815e-02  -5.0010488e-02  -4.9919953e-02
  -4.8639791e-02  -4.8613246e-02  -4.8590420e-02  -4.8544908e-02  -4.8496169e-02  -4.8439184e-02  -4.8367785e-02  -4.8291844e-02
  -4.7086967e-02  -4.7072994e-02  -4.7037487e-02  -4.7004436e-02  -4.6954942e-02  -4.6894163e-02  -4.6828127e-02  -4.6747531e-02
  -4.5606147e-02  -4.5581844e-02  -4.5561668e-02  -4.5520559e-02  -4.5477094e-02  -4.5426240e-02  -4.5362459e-02  -4.5294850e-02
  -4.4216547e-02  -4.4204198e-02  -4.4171849e-02  -4.4142457e-02  -4.4097960e-02  -4.4043497e-02  -4.3984480e-02  -4.3912310e-02
  -4.2888824e-02  -4.2866465e-02  -4.2848532e-02  -4.2811200e-02  -4.2772224e-02  -4.2726585e-02  -4.2669295e-02  -4.2608768e-02
  -4.1638509e-02  -4.1627536e-02  -4.1597921e-02  -4.1571645e-02  -4.1531427e-02  -4.1482368e-02  -4.1429344e-02  -4.1364378e-02
  -4.0441865e-02  -4.0421203e-02  -4.0405185e-02  -4.0371119e-02  -4.0335995e-02  -4.0294828e-02  -4.0243111e-02  -4.0188651e-02
  -3.9311327e-02  -3.9301531e-02  -3.9274299e-02  -3.9250698e-02  -3.9214174e-02  -3.9169774e-02  -3.9121902e-02  -3.9063144e-02
  -3.8227740e-02  -3.8208572e-02  -3.8194200e-02  -3.8162979e-02  -3.8131184e-02  -3.8093879e-02  -3.8046982e-02  -3.7997757e-02
  -3.7200930e-02  -3.7192145e-02  -3.7167007e-02  -3.7145717e-02  -3.7112403e-02  -3.7072046e-02  -3.7028637e-02  -3.6975262e-02
  -3.6215510e-02  -3.6197666e-02  -3.6184718e-02  -3.6155991e-02  -3.6127091e-02  -3.6093143e-02  -3.6050442e-02  -3.6005763e-02
  -3.5279103e-02  -3.5271193e-02  -3.5247905e-02  -3.5228624e-02  -3.5198117e-02  -3.5161293e-02  -3.5121772e-02  -3.5073095e-02
  -3.4379442e-02  -3.4362778e-02  -3.4351071e-02  -3.4324543e-02  -3.4298176e-02  -3.4267164e-02  -3.4228138e-02  -3.4187430e-02
  -3.3522286e-02  -3.3515138e-02  -3.3493494e-02  -3.3475969e-02  -3.3447932e-02  -3.3414210e-02  -3.3378098e-02  -3.3333544e-02
  -3.2697965e-02  -3.2682360e-02  -3.2671737e-02  -3.2647160e-02  -3.2623021e-02  -3.2594591e-02  -3.2558801e-02  -3.2521580e-02
  -3.1910657e-02  -3.1904177e-02  -3.1884001e-02  -3.1868020e-02  -3.1842167e-02  -3.1811184e-02  -3.1778073e-02  -3.1737158e-02
  -3.1152865e-02  -3.1138213e-02  -3.1128545e-02  -3.1105706e-02  -3.1083537e-02  -3.1057389e-02  -3.1024461e-02  -3.0990319e-02
  -3.0427420e-02  -3.0421527e-02  -3.0402669e-02  -3.0388051e-02  -3.0364139e-02  -3.0335586e-02  -3.0305133e-02  -3.0267443e-02
  -2.9728654e-02  -2.9714865e-02  -2.9706040e-02  -2.9684758e-02  -2.9664339e-02  -2.9640218e-02  -2.9609834e-02  -2.9578423e-02
  -2.9058252e-02  -2.9052878e-02  -2.9035208e-02  -2.9021800e-02  -2.8999620e-02  -2.8973232e-02  -2.8945142e-02  -2.8910325e-02
  -2.8412087e-02  -2.8399082e-02  -2.8391005e-02  -2.8371123e-02  -2.8352264e-02  -2.8329951e-02  -2.8301839e-02  -2.8272859e-02
  -2.7790865e-02  -2.7785952e-02  -2.7769358e-02  -2.7757026e-02  -2.7736399e-02  -2.7711949e-02  -2.7685968e-02  -2.7653720e-02
  -2.7191766e-02  -2.7179476e-02  -2.7172066e-02  -2.7153448e-02  -2.7135986e-02  -2.7115291e-02  -2.7089216e-02  -2.7062410e-02
  -2.6614660e-02  -2.6610156e-02  -2.6594539e-02  -2.6583170e-02  -2.6563941e-02  -2.6541231e-02  -2.6517141e-02  -2.6487198e-02
  -2.6057833e-02  -2.6046198e-02  -2.6039384e-02  -2.6021911e-02  -2.6005705e-02  -2.5986465e-02  -2.5962221e-02  -2.5937366e-02
  -2.5520444e-02  -2.5516307e-02  -2.5501580e-02  -2.5491075e-02  -2.5473108e-02  -2.5451967e-02  -2.5429578e-02  -2.5401712e-02
  -2.5001720e-02  -2.4990686e-02  -2.4984406e-02  -2.4967975e-02  -2.4952902e-02  -2.4934974e-02  -2.4912384e-02  -2.4889285e-02
  -2.4500209e-02  -2.4496401e-02  -2.4482489e-02  -2.4472762e-02  -2.4455938e-02  -2.4436216e-02  -2.4415362e-02  -2.4389374e-02
  -2.4015943e-02  -2.4005463e-02  -2.3999664e-02  -2.3984183e-02  -2.3970134e-02  -2.3953393e-02  -2.3932300e-02  -2.3910789e-02
  -2.3546947e-02  -2.3543435e-02  -2.3530269e-02  -2.3521245e-02  -2.3505461e-02  -2.3487025e-02  -2.3467562e-02  -2.3443275e-02
  -2.3093938e-02  -2.3083970e-02  -2.3078605e-02  -2.3063993e-02  -2.3050874e-02  -2.3035211e-02  -2.3015478e-02  -2.2995406e-02
  -2.2654498e-02  -2.2651253e-02  -2.2638774e-02  -2.2630386e-02  -2.2615550e-02  -2.2598285e-02  -2.2580084e-02  -2.2557345e-02
