16
367
1
  -1.8932920e-02  -1.8934680e-02  -1.8937633e-02  -1.8937693e-02  -1.8935063e-02  -1.8933637e-02  -1.8929004e-02  -1.8924236e-02  -1.8918106e-02  -1.8912099e-02  -1.8900853e-02  -1.8889010e-02  -1.8875279e-02  -1.8859963e-02  -1.8844675e-02  -1.8829876e-02
  -1.9286515e-02  -1.9290977e-02  -1.9291246e-02  -1.9291320e-02  -1.9290960e-02  -1.9286207e-02  -1.9281579e-02  -1.9273964e-02  -1.9264619e-02  -1.9252075e-02  -1.9241829e-02  -1.9229192e-02  -1.9215477e-02  -1.9200446e-02  -1.9182466e-02  -1.9161114e-02
  -1.9634991e-02  -1.9636813e-02  -1.9639869e-02  -1.9639796e-02  -1.9636889e-02  -1.9635188e-02  -1.9630097e-02  -1.9624805e-02  -1.9618065e-02  -1.9611380e-02  -1.9599174e-02  -1.9586248e-02  -1.9571340e-02  -1.9554706e-02  -1.9538082e-02  -1.9521946e-02
  -2.0011704e-02  -2.0016369e-02  -2.0016563e-02  -2.0016551e-02  -2.0015999e-02  -2.0010795e-02  -2.0005653e-02  -1.9997339e-02  -1.9987133e-02  -1.9973553e-02  -1.9962317e-02  -1.9948577e-02  -1.9933618e-02  -1.9917256e-02  -1.9897731e-02  -1.9874608e-02
  -2.0383304e-02  -2.0385192e-02  -2.0388356e-02  -2.0388130e-02  -2.0384912e-02  -2.0382898e-02  -2.0377293e-02  -2.0371413e-02  -2.0363992e-02  -2.0356544e-02  -2.0343272e-02  -2.0329138e-02  -2.0312921e-02  -2.0294820e-02  -2.0276710e-02  -2.0259085e-02
  -2.0785429e-02  -2.0790310e-02  -2.0790417e-02  -2.0790305e-02  -2.0789530e-02  -2.0783823e-02  -2.0778103e-02  -2.0769008e-02  -2.0757841e-02  -2.0743109e-02  -2.0730765e-02  -2.0715797e-02  -2.0699451e-02  -2.0681604e-02  -2.0660360e-02  -2.0635269e-02
  -2.1182480e-02  -2.1184439e-02  -2.1187714e-02  -2.1187312e-02  -2.1183743e-02  -2.1181373e-02  -2.1175191e-02  -2.1168651e-02  -2.1160464e-02  -2.1152158e-02  -2.1137696e-02  -2.1122213e-02  -2.1104534e-02  -2.1084797e-02  -2.1065028e-02  -2.1045739e-02
  -2.1612623e-02  -2.1617735e-02  -2.1617743e-02  -2.1617511e-02  -2.1616481e-02  -2.1610209e-02  -2.1603838e-02  -2.1593868e-02  -2.1581624e-02  -2.1565608e-02  -2.1552021e-02  -2.1535679e-02  -2.1517781e-02  -2.1498275e-02  -2.1475110e-02  -2.1447827e-02
  -2.2037777e-02  -2.2039812e-02  -2.2043200e-02  -2.2042595e-02  -2.2038631e-02  -2.2035853e-02  -2.2029023e-02  -2.2021737e-02  -2.2012689e-02  -2.2003414e-02  -2.1987619e-02  -2.1970625e-02  -2.1951307e-02  -2.1929741e-02  -2.1908116e-02  -2.1886959e-02
  -2.2498914e-02  -2.2504272e-02  -2.2504165e-02  -2.2503793e-02  -2.2502469e-02  -2.2495561e-02  -2.2488453e-02  -2.2477501e-02  -2.2464047e-02  -2.2446593e-02  -2.2431608e-02  -2.2413724e-02  -2.2394087e-02  -2.2372718e-02  -2.2347400e-02  -2.2317666e-02
  -2.2955202e-02  -2.2957320e-02  -2.2960824e-02  -2.2959985e-02  -2.2955573e-02  -2.2952328e-02  -2.2944766e-02  -2.2936636e-02  -2.2926616e-02  -2.2916241e-02  -2.2898951e-02  -2.2880255e-02  -2.2859098e-02  -2.2835478e-02  -2.2811769e-02  -2.2788510e-02
  -2.3450747e-02  -2.3456368e-02  -2.3456129e-02  -2.3455591e-02  -2.3453926e-02  -2.3446300e-02  -2.3438359e-02  -2.3426297e-02  -2.3411479e-02  -2.3392412e-02  -2.3375847e-02  -2.3356227e-02  -2.3334632e-02  -2.3311165e-02  -2.3283427e-02  -2.3250944e-02
  -2.3941655e-02  -2.3943863e-02  -2.3947485e-02  -2.3946375e-02  -2.3941454e-02  -2.3937673e-02  -2.3929281e-02  -2.3920192e-02  -2.3909070e-02  -2.3897446e-02  -2.3878470e-02  -2.3857855e-02  -2.3834621e-02  -2.3808689e-02  -2.3782630e-02  -2.3756997e-02
  -2.4475543e-02  -2.4481446e-02  -2.4481053e-02  -2.4480320e-02  -2.4478260e-02  -2.4469821e-02  -2.4460929e-02  -2.4447612e-02  -2.4431250e-02  -2.4410365e-02  -2.4392011e-02  -2.4370429e-02  -2.4346620e-02  -2.4320784e-02  -2.4290313e-02  -2.4254735e-02
  -2.5005099e-02  -2.5007403e-02  -2.5011145e-02  -2.5009721e-02  -2.5004220e-02  -2.4999821e-02  -2.4990484e-02  -2.4980301e-02  -2.4967926e-02  -2.4954877e-02  -2.4933994e-02  -2.4911203e-02  -2.4885619e-02  -2.4857071e-02  -2.4828354e-02  -2.4800031e-02
  -2.5581888e-02  -2.5588093e-02  -2.5587523e-02  -2.5586559e-02  -2.5584039e-02  -2.5574675e-02  -2.5564698e-02  -2.5549954e-02  -2.5531838e-02  -2.5508895e-02  -2.5488504e-02  -2.5464696e-02  -2.5438378e-02  -2.5409851e-02  -2.5376285e-02  -2.5337208e-02
  -2.6154772e-02  -2.6157182e-02  -2.6161044e-02  -2.6159253e-02  -2.6153089e-02  -2.6147975e-02  -2.6137558e-02  -2.6126125e-02  -2.6112318e-02  -2.6097635e-02  -2.6074584e-02  -2.6049319e-02  -2.6021061e-02  -2.5989544e-02  -2.5957808e-02  -2.5926420e-02
  -2.6779775e-02  -2.6786306e-02  -2.6785529e-02  -2.6784292e-02  -2.6781234e-02  -2.6770814e-02  -2.6759592e-02  -2.6743219e-02  -2.6723102e-02  -2.6697819e-02  -2.6675102e-02  -2.6648755e-02  -2.6619578e-02  -2.6587985e-02  -2.6550895e-02  -2.6507847e-02
  -2.7401457e-02  -2.7403982e-02  -2.7407963e-02  -2.7405746e-02  -2.7398819e-02  -2.7392874e-02  -2.7381218e-02  -2.7368346e-02  -2.7352896e-02  -2.7336333e-02  -2.7310809e-02  -2.7282715e-02  -2.7251404e-02  -2.7216499e-02  -2.7181318e-02  -2.7146426e-02
  -2.8080905e-02  -2.8087786e-02  -2.8086769e-02  -2.8085207e-02  -2.8081520e-02  -2.8069886e-02  -2.8057230e-02  -2.8038989e-02  -2.8016577e-02  -2.7988622e-02  -2.7963234e-02  -2.7933980e-02  -2.7901531e-02  -2.7866428e-02  -2.7825308e-02  -2.7777730e-02
  -2.8757819e-02  -2.8760471e-02  -2.8764568e-02  -2.8761851e-02  -2.8754043e-02  -2.8747129e-02  -2.8734044e-02  -2.8719510e-02  -2.8702166e-02  -2.8683428e-02  -2.8655066e-02  -2.8623724e-02  -2.8588907e-02  -2.8550120e-02  -2.8510989e-02  -2.8472069e-02
  -2.9499067e-02  -2.9506326e-02  -2.9505029e-02  -2.9503079e-02  -2.9498651e-02  -2.9485618e-02  -2.9471301e-02  -2.9450905e-02  -2.9425850e-02  -2.9394828e-02  -2.9366358e-02  -2.9333758e-02  -2.9297545e-02  -2.9258400e-02  -2.9212648e-02  -2.9159878e-02
  -3.0238836e-02  -3.0241630e-02  -3.0245838e-02  -3.0242532e-02  -3.0233701e-02  -3.0225652e-02  -3.0210909e-02  -3.0194445e-02  -3.0174906e-02  -3.0153639e-02  -3.0122004e-02  -3.0086911e-02  -3.0048049e-02  -3.0004789e-02  -2.9961103e-02  -2.9917529e-02
  -3.1050632e-02  -3.1058301e-02  -3.1056674e-02  -3.1054261e-02  -3.1048957e-02  -3.1034301e-02  -3.1018050e-02  -3.0995155e-02  -3.0967037e-02  -3.0932476e-02  -3.0900430e-02  -3.0863955e-02  -3.0823389e-02  -3.0779564e-02  -3.0728459e-02  -3.0669705e-02
  -3.1862358e-02  -3.1865309e-02  -3.1869618e-02  -3.1865617e-02  -3.1855592e-02  -3.1846204e-02  -3.1829528e-02  -3.1810811e-02  -3.1788710e-02  -3.1764487e-02  -3.1729054e-02  -3.1689607e-02  -3.1646047e-02  -3.1597603e-02  -3.1548637e-02  -3.1499654e-02
  -3.2755189e-02  -3.2763302e-02  -3.2761287e-02  -3.2758316e-02  -3.2751971e-02  -3.2735419e-02  -3.2716904e-02  -3.2691094e-02  -3.2659406e-02  -3.2620733e-02  -3.2584512e-02  -3.2543525e-02  -3.2497892e-02  -3.2448618e-02  -3.2391288e-02  -3.2325595e-02
  -3.3649827e-02  -3.3652954e-02  -3.3657351e-02  -3.3652524e-02  -3.3641095e-02  -3.3630121e-02  -3.3611175e-02  -3.3589810e-02  -3.3564702e-02  -3.3537001e-02  -3.3497133e-02  -3.3452597e-02  -3.3403547e-02  -3.3349058e-02  -3.3293930e-02  -3.3238620e-02
  -3.4636376e-02  -3.4644971e-02  -3.4642496e-02  -3.4638851e-02  -3.4631262e-02  -3.4612483e-02  -3.4591298e-02  -3.4562064e-02  -3.4526186e-02  -3.4482704e-02  -3.4441579e-02  -3.4395298e-02  -3.4343729e-02  -3.4288065e-02  -3.4223447e-02  -3.4149655e-02
  -3.5627238e-02  -3.5630563e-02  -3.5635029e-02  -3.5629212e-02  -3.5616125e-02  -3.5603257e-02  -3.5581627e-02  -3.5557129e-02  -3.5528466e-02  -3.5496643e-02  -3.5451559e-02  -3.5401033e-02  -3.5345524e-02  -3.5283934e-02  -3.5221565e-02  -3.5158802e-02
  -3.6722991e-02  -3.6732113e-02  -3.6729090e-02  -3.6724625e-02  -3.6715536e-02  -3.6694121e-02  -3.6669765e-02  -3.6636479e-02  -3.6595650e-02  -3.6546502e-02  -3.6499571e-02  -3.6447034e-02  -3.6388460e-02  -3.6325246e-02  -3.6252033e-02  -3.6168718e-02
  -3.7826419e-02  -3.7829970e-02  -3.7834474e-02  -3.7827467e-02  -3.7812403e-02  -3.7797257e-02  -3.7772429e-02  -3.7744194e-02  -3.7711295e-02  -3.7674549e-02  -3.7623280e-02  -3.7565651e-02  -3.7502479e-02  -3.7432486e-02  -3.7361541e-02  -3.7289930e-02
  -3.9050489e-02  -3.9060188e-02  -3.9056507e-02  -3.9051039e-02  -3.9040130e-02  -3.9015568e-02  -3.8987417e-02  -3.8949295e-02  -3.8902564e-02  -3.8846686e-02  -3.8792824e-02  -3.8732833e-02  -3.8665922e-02  -3.8593714e-02  -3.8510282e-02  -3.8415679e-02
  -4.0286772e-02  -4.0290580e-02  -4.0295082e-02  -4.0286629e-02  -4.0269189e-02  -4.0251282e-02  -4.0222609e-02  -4.0189878e-02  -4.0151885e-02  -4.0109209e-02  -4.0050543e-02  -3.9984415e-02  -3.9912074e-02  -3.9832049e-02  -3.9750857e-02  -3.9668651e-02
  -4.1663032e-02  -4.1673364e-02  -4.1668887e-02  -4.1662180e-02  -4.1649044e-02  -4.1620692e-02  -4.1587954e-02  -4.1544007e-02  -4.1490178e-02  -4.1426229e-02  -4.1364019e-02  -4.1295064e-02  -4.1218140e-02  -4.1135120e-02  -4.1039425e-02  -4.0931320e-02
  -4.3057678e-02  -4.3061782e-02  -4.3066223e-02  -4.3055999e-02  -4.3035676e-02  -4.3014388e-02  -4.2981047e-02  -4.2942855e-02  -4.2898675e-02  -4.2848785e-02  -4.2781184e-02  -4.2704787e-02  -4.2621368e-02  -4.2529249e-02  -4.2435697e-02  -4.2340677e-02
  -4.4616344e-02  -4.4627373e-02  -4.4621925e-02  -4.4613675e-02  -4.4597785e-02  -4.4564818e-02  -4.4526482e-02  -4.4475445e-02  -4.4412992e-02  -4.4339263e-02  -4.4266893e-02  -4.4187043e-02  -4.4097968e-02  -4.4001812e-02  -4.3891251e-02  -4.3766832e-02
  -4.6201884e-02  -4.6206331e-02  -4.6210626e-02  -4.6198212e-02  -4.6174353e-02  -4.6148881e-02  -4.6109807e-02  -4.6064908e-02  -4.6013128e-02  -4.5954366e-02  -4.5875848e-02  -4.5786909e-02  -4.5689955e-02  -4.5583099e-02  -4.5474471e-02  -4.5363786e-02
  -4.7981779e-02  -4.7993580e-02  -4.7986933e-02  -4.7976740e-02  -4.7957407e-02  -4.7918756e-02  -4.7873507e-02  -4.7813737e-02  -4.7740680e-02  -4.7654962e-02  -4.7570082e-02  -4.7476832e-02  -4.7372838e-02  -4.7260536e-02  -4.7131742e-02  -4.6987384e-02
  -4.9800371e-02  -4.9805219e-02  -4.9809250e-02  -4.9794091e-02  -4.9765841e-02  -4.9735128e-02  -4.9688925e-02  -4.9635683e-02  -4.9574447e-02  -4.9504632e-02  -4.9412609e-02  -4.9308157e-02  -4.9194458e-02  -4.9069418e-02  -4.8942172e-02  -4.8812097e-02
  -5.1852236e-02  -5.1864892e-02  -5.1856749e-02  -5.1844079e-02  -5.1820385e-02  -5.1774637e-02  -5.1720737e-02  -5.1650063e-02  -5.1563796e-02  -5.1463178e-02  -5.1362687e-02  -5.1252733e-02  -5.1130175e-02  -5.0997758e-02  -5.0846307e-02  -5.0677255e-02
  -5.3959526e-02  -5.3964847e-02  -5.3968439e-02  -5.3949796e-02  -5.3916016e-02  -5.3878643e-02  -5.3823442e-02  -5.3759671e-02  -5.3686494e-02  -5.3602712e-02  -5.3493732e-02  -5.3369816e-02  -5.3235104e-02  -5.3087306e-02  -5.2936737e-02  -5.2782315e-02
  -5.6350983e-02  -5.6364592e-02  -5.6354555e-02  -5.6338678e-02  -5.6309375e-02  -5.6254628e-02  -5.6189731e-02  -5.6105232e-02  -5.6002252e-02  -5.5882828e-02  -5.5762554e-02  -5.5631452e-02  -5.5485435e-02  -5.5327569e-02  -5.5147530e-02  -5.4947437e-02
  -5.8821989e-02  -5.8827869e-02  -5.8830769e-02  -5.8807630e-02  -5.8766767e-02  -5.8720790e-02  -5.8654039e-02  -5.8576754e-02  -5.8488238e-02  -5.8386503e-02  -5.8255874e-02  -5.8107127e-02  -5.7945602e-02  -5.7768848e-02  -5.7588576e-02  -5.7403077e-02
  -6.1645212e-02  -6.1659884e-02  -6.1647406e-02  -6.1627310e-02  -6.1590661e-02  -6.1524292e-02  -6.1445165e-02  -6.1342814e-02  -6.1218309e-02  -6.1074718e-02  -6.0928922e-02  -6.0770553e-02  -6.0594353e-02  -6.0403710e-02  -6.0186960e-02  -5.9947156e-02
  -6.4583579e-02  -6.4590127e-02  -6.4591952e-02  -6.4562902e-02  -6.4512790e-02  -6.4455475e-02  -6.4373601e-02  -6.4278623e-02  -6.4170000e-02  -6.4044731e-02  -6.3885905e-02  -6.3704858e-02  -6.3508452e-02  -6.3294142e-02  -6.3075299e-02  -6.2849364e-02
  -6.7967571e-02  -6.7983432e-02  -6.7967743e-02  -6.7941974e-02  -6.7895503e-02  -6.7813801e-02  -6.7715863e-02  -6.7589962e-02  -6.7437144e-02  -6.7261828e-02  -6.7082400e-02  -6.6888122e-02  -6.6672254e-02  -6.6438496e-02  -6.6173618e-02  -6.5881955e-02
  -7.1520707e-02  -7.1528052e-02  -7.1528214e-02  -7.1491214e-02  -7.1428741e-02  -7.1356134e-02  -7.1253981e-02  -7.1135281e-02  -7.0999665e-02  -7.0842810e-02  -7.0646387e-02  -7.0422344e-02  -7.0179503e-02  -6.9915354e-02  -6.9645263e-02  -6.9365503e-02
  -7.5651755e-02  -7.5668936e-02  -7.5648917e-02  -7.5615328e-02  -7.5555385e-02  -7.5452925e-02  -7.5329477e-02  -7.5171708e-02  -7.4980696e-02  -7.4762660e-02  -7.4537780e-02  -7.4294985e-02  -7.4025648e-02  -7.3733735e-02  -7.3404181e-02  -7.3043116e-02
  -8.0036696e-02  -8.0044988e-02  -8.0042548e-02  -7.9994555e-02  -7.9915090e-02  -7.9821262e-02  -7.9691126e-02  -7.9539697e-02  -7.9366774e-02  -7.9166303e-02  -7.8918306e-02  -7.8635411e-02  -7.8329022e-02  -7.7996887e-02  -7.7656795e-02  -7.7303400e-02
  -8.5194142e-02  -8.5212771e-02  -8.5186722e-02  -8.5142014e-02  -8.5063006e-02  -8.4931552e-02  -8.4772412e-02  -8.4570156e-02  -8.4326014e-02  -8.4048644e-02  -8.3760417e-02  -8.3450006e-02  -8.3106337e-02  -8.2733554e-02  -8.2314445e-02  -8.1857692e-02
  -9.0744229e-02  -9.0753622e-02  -9.0747018e-02  -9.0683295e-02  -9.0579643e-02  -9.0455314e-02  -9.0285168e-02  -9.0086947e-02  -8.9860590e-02  -8.9597740e-02  -8.9276483e-02  -8.8910226e-02  -8.8513860e-02  -8.8085786e-02  -8.7646773e-02  -8.7189213e-02
  -9.7366851e-02  -9.7387004e-02  -9.7352201e-02  -9.7291051e-02  -9.7183997e-02  -9.7010431e-02  -9.6799373e-02  -9.6532571e-02  -9.6211638e-02  -9.5848625e-02  -9.5468657e-02  -9.5060303e-02  -9.4609262e-02  -9.4119690e-02  -9.3571891e-02  -9.2978255e-02
  -1.0462175e-01  -1.0463234e-01  -1.0461881e-01  -1.0453158e-01  -1.0439195e-01  -1.0422177e-01  -1.0399180e-01  -1.0372360e-01  -1.0341717e-01  -1.0306106e-01  -1.0263105e-01  -1.0214151e-01  -1.0161219e-01  -1.0104282e-01  -1.0045792e-01  -9.9846673e-02
  -1.1344030e-01  -1.1346187e-01  -1.1341364e-01  -1.1332690e-01  -1.1317648e-01  -1.1293862e-01  -1.1264817e-01  -1.1228298e-01  -1.1184550e-01  -1.1135263e-01  -1.1083312e-01  -1.1027572e-01  -1.0966179e-01  -1.0899525e-01  -1.0825359e-01  -1.0745474e-01
  -1.2333493e-01  -1.2334659e-01  -1.2332084e-01  -1.2319645e-01  -1.2300008e-01  -1.2275681e-01  -1.2243200e-01  -1.2205276e-01  -1.2161904e-01  -1.2111519e-01  -1.2051427e-01  -1.1983189e-01  -1.1909486e-01  -1.1830553e-01  -1.1749322e-01  -1.1664256e-01
  -1.3566309e-01  -1.3568542e-01  -1.3561487e-01  -1.3548546e-01  -1.3526338e-01  -1.3492065e-01  -1.3450049e-01  -1.3397520e-01  -1.3334895e-01  -1.3264593e-01  -1.3189986e-01  -1.3110030e-01  -1.3022275e-01  -1.2927050e-01  -1.2821808e-01  -1.2709202e-01
  -1.4997096e-01  -1.4998265e-01  -1.4993344e-01  -1.4974555e-01  -1.4945234e-01  -1.4908277e-01  -1.4859504e-01  -1.4802481e-01  -1.4737177e-01  -1.4661469e-01  -1.4572344e-01  -1.4471562e-01  -1.4362878e-01  -1.4247030e-01  -1.4127594e-01  -1.4002390e-01
  -1.6843082e-01  -1.6845137e-01  -1.6833900e-01  -1.6813104e-01  -1.6777905e-01  -1.6724876e-01  -1.6659611e-01  -1.6578547e-01  -1.6482453e-01  -1.6374894e-01  -1.6259994e-01  -1.6136936e-01  -1.6002489e-01  -1.5856907e-01  -1.5697379e-01  -1.5527965e-01
  -1.9097923e-01  -1.9098674e-01  -1.9088594e-01  -1.9057662e-01  -1.9009780e-01  -1.8948272e-01  -1.8868051e-01  -1.8774060e-01  -1.8666281e-01  -1.8541920e-01  -1.8397643e-01  -1.8235582e-01  -1.8061234e-01  -1.7876348e-01  -1.7685441e-01  -1.7485494e-01
  -2.2167765e-01  -2.2168689e-01  -2.2147821e-01  -2.2110113e-01  -2.2047843e-01  -2.1956301e-01  -2.1843118e-01  -2.1703740e-01  -2.1539617e-01  -2.1356257e-01  -2.1159093e-01  -2.0947975e-01  -2.0718849e-01  -2.0472068e-01  -2.0204756e-01  -1.9923487e-01
  -2.6257082e-01  -2.6255601e-01  -2.6231324e-01  -2.6172605e-01  -2.6081824e-01  -2.5962575e-01  -2.5809087e-01  -2.5628569e-01  -2.5421560e-01  -2.5185038e-01  -2.4915596e-01  -2.4616204e-01  -2.4295429e-01  -2.3957230e-01  -2.3607860e-01  -2.3243625e-01
  -3.2398907e-01  -3.2394007e-01  -3.2339654e-01  -3.2252850e-01  -3.2118789e-01  -3.1926874e-01  -3.1687915e-01  -3.1397487e-01  -3.1057814e-01  -3.0677981e-01  -3.0266645e-01  -2.9826489e-01  -2.9354426e-01  -2.8852736e-01  -2.8319123e-01  -2.7765678e-01
  -4.2213236e-01  -4.2198907e-01  -4.2114220e-01  -4.1965567e-01  -4.1732031e-01  -4.1416232e-01  -4.1016739e-01  -4.0543410e-01  -4.0003405e-01  -3.9399926e-01  -3.8731155e-01  -3.8002039e-01  -3.7226975e-01  -3.6416154e-01  -3.5581249e-01  -3.4721846e-01
  -6.2911446e-01  -6.2838645e-01  -6.2370142e-01  -6.1896059e-01  -6.1392384e-01  -6.0695495e-01  -5.9810599e-01  -5.8761629e-01  -5.7523472e-01  -5.6112003e-01  -5.4565730e-01  -5.2925903e-01  -5.1231282e-01  -4.9524164e-01  -4.7803268e-01  -4.6116680e-01
  -1.1187554e+00  -1.1181024e+00  -1.1195606e+00  -1.1174433e+00  -1.1037201e+00  -1.0841750e+00  -1.0605681e+00  -1.0318845e+00  -1.0013698e+00  -9.7102707e-01  -9.4011967e-01  -9.0748290e-01  -8.7224383e-01  -8.3382581e-01  -7.9303609e-01  -7.4993352e-01
  -1.1557985e+00  -1.1583920e+00  -1.1812519e+00  -1.1875049e+00  -1.1917840e+00  -1.2012537e+00  -1.2097784e+00  -1.2238317e+00  -1.2372271e+00  -1.2422652e+00  -1.2397972e+00  -1.2327759e+00  -1.2241840e+00  -1.2135942e+00  -1.1994103e+00  -1.1788419e+00
  1.7728237e-01  1.7241118e-01  1.7081916e-01  1.6714960e-01  1.1505259e-01  4.9627506e-02  -3.7450462e-02  -1.3248956e-01  -2.2616776e-01  -3.1960357e-01  -4.1743896e-01  -5.1868273e-01  -6.1379389e-01  -7.0393133e-01  -7.9361270e-01  -8.8712490e-01
  1.2472335e+00  1.2425714e+00  1.2646219e+00  1.2454624e+00  1.2346149e+00  1.2247123e+00  1.2032874e+00  1.1891441e+00  1.1532433e+00  1.0673053e+00  9.5352131e-01  8.3280263e-01  7.0566228e-01  5.7476323e-01  4.4763179e-01  3.3066206e-01
  1.5721196e+00  1.5733139e+00  1.5897822e+00  1.5778327e+00  1.6010364e+00  1.5951661e+00  1.6288661e+00  1.6329225e+00  1.6179222e+00  1.6314140e+00  1.6677437e+00  1.6916763e+00  1.6649927e+00  1.5990180e+00  1.5135784e+00  1.4126902e+00
  1.0401634e+00  1.0476159e+00  1.0475600e+00  1.0407825e+00  1.0316909e+00  1.0610164e+00  1.0767954e+00  1.1168662e+00  1.1898812e+00  1.2993799e+00  1.3872393e+00  1.4460823e+00  1.5478783e+00  1.6729756e+00  1.7659869e+00  1.7985317e+00
  3.0784971e-01  3.1412533e-01  2.8530494e-01  3.2118917e-01  3.5411128e-01  4.1247301e-01  4.4706066e-01  4.7355764e-01  5.0471773e-01  4.7880892e-01  4.5343885e-01  4.9858119e-01  5.6677316e-01  6.2028425e-01  7.0116659e-01  8.5131726e-01
  6.4491736e-02  8.0233531e-02  1.0644620e-01  1.5835037e-01  1.7590715e-01  1.5934034e-01  1.4753196e-01  1.2633987e-01  1.1284802e-01  1.1600235e-01  1.4261655e-01  1.4221899e-01  7.3270743e-02  4.4411955e-02  6.4965208e-02  8.3546620e-02
  2.0999996e-01  1.9784267e-01  1.5338955e-01  1.0719401e-01  6.6100973e-02  3.1831981e-02  5.2532090e-03  2.2681727e-02  1.6152585e-02  2.1970814e-02  3.8758830e-02  3.0762350e-02  8.1219558e-02  1.2478453e-01  8.0427305e-02  1.8355930e-02
  1.6717340e-01  1.4602273e-01  1.1173160e-01  5.9361354e-02  4.1403508e-02  1.5240102e-02  2.7335906e-02  4.0514729e-02  4.3819183e-02  3.5586811e-02  1.4899020e-02  1.8918774e-02  3.2012913e-02  -2.0270202e-03  3.7546050e-02  1.0732581e-01
  -4.7482586e-02  -2.7034765e-02  5.0768915e-02  8.7457838e-02  1.1814530e-01  1.2593775e-01  1.0168171e-01  4.3672571e-02  1.2944620e-02  3.8448141e-02  4.0927261e-02  4.2566795e-02  1.6006087e-02  4.3442966e-02  7.4341124e-02  4.0793480e-02
  9.4206156e-04  1.4378491e-03  8.2471277e-03  2.2757729e-02  3.7301620e-02  7.4752891e-02  9.0353019e-02  8.7209662e-02  8.2566187e-02  5.4488018e-02  5.5855225e-02  7.9755222e-02  9.7408114e-02  9.3815276e-02  1.8988660e-02  1.5064940e-02
  7.9318891e-02  6.0100854e-02  1.7805111e-02  -5.8678538e-03  -2.6799826e-02  -1.7454592e-02  3.5123519e-02  9.8784241e-02  1.5353627e-01  1.4145725e-01  1.0104530e-01  4.6425777e-02  1.1960843e-02  1.3189161e-03  4.9996198e-02  9.2022985e-02
  8.2226055e-04  1.5482889e-02  4.1477408e-02  5.6952193e-02  5.7184348e-02  5.1960425e-02  3.5315542e-02  2.8602100e-02  3.0198075e-02  3.4970130e-02  6.8216736e-02  7.3691256e-02  8.7180474e-02  8.9267797e-02  1.0757422e-01  8.0292968e-02
  1.5352359e-02  1.8476137e-02  3.5338173e-02  7.4659898e-02  1.0126187e-01  7.6917013e-02  1.6942713e-02  -2.2902387e-02  -4.4223191e-02  6.1607681e-03  7.6697242e-02  1.2736701e-01  1.5352391e-01  1.3505065e-01  7.0177471e-02  4.0867378e-02
  8.4548184e-02  8.4223983e-02  5.9801865e-02  1.1938173e-02  -1.9465672e-02  -1.3171773e-02  3.3012590e-02  7.8542521e-02  8.9448058e-02  8.7217668e-02  4.0596320e-02  4.1531688e-02  4.8595963e-02  6.5833261e-02  8.5711095e-02  9.9836785e-02
  9.2175864e-02  6.3931491e-02  2.4544371e-02  4.6324317e-03  8.3050611e-03  4.0407231e-02  7.3686709e-02  9.5750444e-02  9.2071943e-02  6.5975856e-02  2.3841227e-02  1.3017291e-02  2.5199799e-04  4.4997348e-02  9.1587291e-02  1.0970442e-01
  -3.2949496e-02  -8.1780845e-03  4.4433866e-02  9.1465465e-02  1.1669911e-01  1.0421745e-01  5.5878291e-02  8.5841714e-03  1.1314544e-02  3.5754638e-02  7.3642149e-02  7.1262046e-02  6.1388693e-02  5.0694183e-02  4.2596713e-02  6.0316457e-02
  -8.4095919e-04  2.7973481e-02  6.4275598e-02  8.3632891e-02  7.9368735e-02  5.2098511e-02  5.5257717e-02  5.6055218e-02  4.8736399e-02  3.6264496e-02  6.7605883e-02  8.9761784e-02  1.0160573e-01  4.5079524e-02  4.4148218e-03  -2.6042746e-02
  1.4949343e-01  1.0184064e-01  3.3337583e-02  3.4195993e-03  8.6573381e-03  4.9542314e-02  7.6849749e-02  8.7254415e-02  1.0386123e-01  9.1517166e-02  4.7980733e-02  -5.9751794e-03  5.0247536e-03  1.6004120e-02  2.4186560e-02  5.1084688e-03
  7.9130103e-02  8.8012144e-02  8.6489733e-02  4.6573372e-02  3.2916801e-02  4.3665127e-02  6.1726691e-02  8.6019239e-02  6.8633955e-02  3.8130587e-02  3.1579777e-02  1.4237917e-02  -2.5186254e-02  -1.7484173e-04  3.3631603e-02  6.4011340e-02
  3.5560207e-02  4.8410698e-02  7.7873223e-02  1.2290844e-01  1.2132028e-01  7.0396118e-02  2.8861161e-02  -7.2713995e-03  -5.6173632e-03  1.9841381e-02  1.1067590e-02  5.3893682e-02  5.6587214e-02  3.7512613e-02  5.9780185e-03  4.4468938e-02
  6.8006157e-02  7.0226807e-02  7.4641369e-02  8.9303481e-02  8.6859610e-02  7.1131983e-02  2.2874794e-02  -1.3759802e-02  -1.4059356e-02  4.2023816e-03  2.7668096e-02  3.5220428e-02  4.3412659e-02  7.6292363e-02  7.9321588e-02  2.6012387e-02
  1.0837082e-01  1.0048388e-01  7.4387168e-02  2.8574794e-02  6.4587611e-03  1.4054524e-02  4.2824332e-02  6.7658232e-02  2.9826759e-02  1.2186459e-02  1.8858842e-02  3.5828511e-02  7.1224358e-02  6.0661654e-02  7.7286053e-02  7.5779709e-02
  9.6073545e-02  7.2602063e-02  4.2988822e-02  2.4654175e-02  1.8302571e-02  2.0188552e-02  3.8079014e-02  4.9560401e-02  7.1722432e-02  6.7451157e-02  5.1904460e-02  5.4552659e-02  4.9397254e-02  3.7599614e-02  3.7409057e-02  6.0639168e-02
  -8.5307408e-03  1.4057346e-02  4.5653590e-02  5.6419243e-02  5.3382849e-02  4.4671450e-02  3.8096744e-02  4.4280562e-02  7.1862861e-02  1.0053172e-01  1.0340600e-01  4.2886183e-02  2.5412266e-02  3.4114854e-02  6.0949231e-02  7.7914740e-02
  -2.3141458e-02  -1.5223515e-02  1.0858006e-02  4.9253446e-02  6.0547896e-02  6.9564773e-02  7.1816397e-02  8.9920738e-02  8.3775016e-02  5.9316526e-02  5.6670042e-02  7.0808819e-02  6.6484950e-02  7.0161031e-02  5.3457849e-02  3.4783924e-02
  8.9707894e-03  3.4469073e-03  -5.1318604e-03  -3.9487238e-03  4.1541200e-02  1.0072501e-01  1.2632573e-01  8.6266215e-02  5.4531491e-02  4.4697550e-02  5.3207443e-02  8.1044441e-02  9.1362659e-02  7.6196875e-02  1.0807472e-02  2.0150350e-02
  1.7851006e-02  1.1932691e-02  1.4090806e-02  2.6720675e-02  5.7275207e-02  6.1809772e-02  6.0925763e-02  6.5922458e-02  6.9881014e-02  7.3869199e-02  7.5274080e-02  7.0474225e-02  3.9240940e-02  3.7563129e-02  9.9032186e-02  9.0115424e-02
  1.0074346e-02  2.8625830e-02  6.2551263e-02  8.2059882e-02  3.4690226e-02  3.6096289e-03  -5.8243829e-03  4.2562437e-02  9.2331821e-02  9.5682009e-02  6.7259116e-02  3.7034666e-02  6.0208483e-02  9.1534707e-02  9.1982726e-02  4.0648522e-02
  7.0547474e-02  8.5640761e-02  6.7754780e-02  2.8966642e-02  1.7598847e-02  1.3114471e-02  2.2056341e-02  2.8374980e-02  3.5418297e-02  5.1656974e-02  7.2873094e-02  1.0289712e-01  1.0201139e-01  5.4995132e-02  1.5456263e-03  3.4478313e-02
  1.6142663e-01  9.2511353e-02  2.5873372e-02  4.9703929e-03  2.8720896e-02  4.0225409e-02  4.4606857e-02  2.1350162e-02  -5.6735744e-03  2.9225301e-02  8.0728388e-02  9.1904447e-02  4.4648354e-02  1.6218283e-02  5.8179352e-02  8.5619388e-02
  4.6205406e-02  7.6709830e-02  7.9875832e-02  5.1528787e-02  3.5102040e-02  3.4765792e-02  2.4618889e-02  2.8184411e-02  4.9861096e-02  4.5652503e-02  -1.9138811e-03  -2.5548971e-02  4.7966400e-02  1.0238148e-01  8.1244589e-02  3.0140634e-02
  -4.0334067e-03  1.6384770e-02  7.5136349e-02  1.1379201e-01  6.4694981e-02  1.3699202e-02  3.2643714e-02  5.1635892e-02  3.9929984e-02  -1.8230077e-02  -2.7615302e-02  1.7240008e-02  3.8416158e-02  4.6965336e-02  4.3667760e-02  8.3779143e-02
  2.0735241e-02  1.5401453e-02  2.0266315e-02  4.3653551e-02  9.4771243e-02  9.6745126e-02  5.3640930e-02  -2.0028038e-03  -3.6790809e-02  4.7835152e-04  4.6346004e-02  1.9351278e-02  -3.2161812e-02  -4.3037211e-03  7.3928646e-02  1.0014202e-01
  4.0940350e-02  3.7571210e-02  1.4509022e-02  1.3458900e-02  5.3953906e-02  1.0611739e-01  5.8261559e-02  9.6836094e-04  2.6982364e-02  4.4016945e-02  1.0180714e-02  -3.7175080e-03  4.0293211e-02  4.9828825e-02  2.1027566e-02  3.7915888e-03
  5.7496715e-02  5.0825581e-02  5.7593084e-02  6.1084264e-02  2.2295020e-02  -1.8707299e-02  6.1274288e-02  1.4732848e-01  9.0922849e-02  5.6461472e-03  2.4186466e-02  8.3481660e-02  7.5397456e-02  2.9817136e-02  1.7106350e-02  1.2182579e-02
  3.3628951e-02  5.6736414e-02  5.6545161e-02  1.6004920e-02  -2.6567003e-02  1.6092539e-02  4.7329170e-02  5.2759162e-02  7.6888764e-02  1.0247430e-01  7.8641138e-02  3.9902483e-02  1.9575526e-02  3.5925550e-02  3.3189916e-02  5.4116591e-02
  6.5260452e-02  4.1874606e-02  -3.9971852e-03  -1.1437190e-02  3.7555246e-02  3.8204305e-02  -2.9049137e-02  -2.6417640e-02  5.8385566e-02  1.2564406e-01  8.0075858e-02  1.8631562e-02  1.2948087e-02  1.9750221e-02  4.8469872e-02  4.4066653e-02
  1.0761127e-01  6.7528534e-02  8.2299229e-02  1.2382992e-01  1.0170630e-01  2.8828408e-02  4.6449317e-02  7.7574128e-02  3.6971854e-02  1.0530097e-02  8.4824154e-02  9.4246226e-02  5.3938673e-02  3.4975939e-02  2.0620468e-02  8.1854063e-03
  6.6861948e-02  1.5446178e-01  2.0317042e-01  1.6284685e-01  1.1929554e-01  1.7993272e-01  1.8316409e-01  1.1729469e-01  8.2137311e-02  7.0311524e-02  5.5523415e-02  1.3165424e-01  1.4441718e-01  7.4443300e-02  6.2434870e-03  -1.6272140e-03
  2.0375885e-01  1.5924696e-01  1.2972782e-01  1.5781729e-01  2.1766074e-01  2.1423755e-01  1.8327042e-01  1.6202996e-01  1.5607265e-01  1.4240779e-01  1.4543510e-01  1.1175210e-01  1.3400331e-01  1.3570537e-01  9.7125982e-02  4.2069053e-02
  2.1355078e-01  1.5986184e-01  1.3818474e-01  1.7542422e-01  2.0546848e-01  1.6306261e-01  1.7289565e-01  1.9062017e-01  1.8505532e-01  1.8111247e-01  1.4450107e-01  1.1099140e-01  9.3524611e-02  1.5592216e-01  1.8696113e-01  1.5868379e-01
  6.1152756e-02  1.6289571e-01  2.0950841e-01  1.4596495e-01  8.7437107e-02  1.5733538e-01  1.6127096e-01  1.7920119e-01  1.9651688e-01  1.6698796e-01  1.2802183e-01  1.2013690e-01  1.2398095e-01  1.1002583e-01  1.6423867e-01  2.0374159e-01
  1.1905805e-01  8.3280855e-02  8.3310959e-02  1.1216880e-01  1.1454116e-01  6.8545660e-02  1.4643409e-01  1.4288541e-01  1.2797765e-01  1.2976833e-01  1.5228833e-01  1.3619371e-01  1.2277136e-01  1.2681798e-01  1.0923402e-01  1.4958228e-01
  9.5002436e-02  4.9160252e-02  9.3976492e-03  2.6175250e-02  7.9565090e-02  9.2510412e-02  1.7484157e-02  4.2819310e-02  5.4354181e-02  8.7495899e-02  1.0401073e-01  1.3185191e-01  1.1505766e-01  1.0028185e-01  1.1066807e-01  9.2899252e-02
  -6.7244125e-03  5.4747011e-02  5.0327201e-02  2.1696784e-02  7.5172721e-03  2.5509348e-02  3.7358604e-03  -4.0662452e-02  -4.5546847e-03  1.6230838e-02  4.1299884e-02  5.3792335e-02  8.9414121e-02  7.0221443e-02  5.2280293e-02  6.7773983e-02
  4.6596817e-02  5.3904475e-03  6.5146060e-02  6.8094816e-02  7.4488062e-03  -4.7051522e-02  1.1078396e-02  1.6687937e-02  -3.2183801e-02  -2.1991096e-02  -9.5536906e-03  5.6465872e-03  8.8676992e-03  5.0086399e-02  2.1751175e-02  1.2638659e-02
  3.0297590e-02  7.1249849e-02  2.1702596e-02  1.7910784e-02  3.5572525e-02  2.7838229e-02  -1.8542048e-02  2.8842082e-02  3.7461785e-02  -7.9767070e-03  -1.1890834e-02  4.6443696e-05  3.8225632e-04  -1.2284237e-02  4.2740720e-02  4.5602836e-02
  9.7436623e-02  3.9879089e-02  2.9699877e-02  1.0762260e-02  2.5131346e-02  6.3986546e-02  4.7396134e-02  -9.6594058e-04  3.8021953e-02  5.1363195e-02  1.3818240e-02  -5.5217480e-03  9.3802051e-03  2.7865746e-02  5.9080101e-02  1.0340708e-01
  3.2363373e-02  5.1731498e-02  3.1809992e-02  4.4697932e-02  3.7911059e-02  3.1216044e-02  7.1965958e-02  6.0175993e-02  1.0552681e-02  3.4766319e-02  4.9458753e-02  1.8168347e-02  2.5838631e-02  8.1146032e-02  7.5683841e-02  6.9672363e-02
  2.6533471e-03  2.0922609e-02  6.8675832e-02  5.2509626e-02  4.8208911e-02  4.8005232e-02  3.0013062e-02  6.9872410e-02  6.1881510e-02  8.2143227e-03  2.7118425e-02  9.2217583e-02  8.7278821e-02  5.7473721e-02  7.0204329e-02  1.2566113e-02
  2.3817081e-02  2.0822523e-02  2.5602207e-02  6.7702448e-02  6.3363160e-02  4.9050212e-02  5.5445111e-02  2.4390416e-02  5.6658527e-02  6.7949625e-02  6.6867302e-02  7.5567406e-02  1.1058015e-01  7.1695378e-02  -1.2998221e-02  5.6566582e-02
  3.9708831e-02  3.4031170e-02  2.8627839e-02  2.4694070e-02  6.3547785e-02  6.9955593e-02  4.3636346e-02  4.8103402e-02  3.7260357e-02  1.1244216e-01  1.0857808e-01  8.4776963e-02  4.1777587e-02  3.7967587e-02  8.5272342e-02  6.1256869e-02
  4.1098631e-02  4.4549509e-02  3.7778894e-02  3.4636067e-02  2.1882970e-02  5.0173102e-02  6.3120918e-02  6.2181173e-02  1.1005922e-01  7.0968681e-02  1.1435547e-01  6.8023118e-02  2.4111921e-02  7.0884640e-02  1.0600297e-01  4.9476897e-02
  4.8879323e-02  4.4019255e-02  4.6721664e-02  3.5243784e-02  2.8101045e-02  1.2599193e-02  7.4512513e-02  1.2593222e-01  8.6575277e-02  1.0893807e-01  3.0060983e-02  5.1439873e-02  1.1830965e-01  7.9693312e-02  1.9748580e-02  8.0939784e-02
  4.6872645e-02  5.0194190e-02  4.3390769e-02  3.8362164e-02  3.2079423e-02  6.9099840e-02  6.9053784e-02  8.7651977e-02  1.2009707e-01  3.7775871e-02  5.9485150e-02  1.0147106e-01  8.2206096e-02  6.2525505e-02  5.9736496e-02  1.8061242e-02
  5.1488849e-02  4.5165254e-02  3.7906177e-02  4.1038846e-02  8.6495618e-02  7.8937583e-02  8.3896053e-02  6.0491293e-02  2.5484200e-02  9.0645556e-02  1.1398081e-01  7.4668130e-02  4.2542701e-02  6.4833986e-02  5.9702943e-02  4.4140731e-02
  4.2363290e-02  3.9538938e-02  4.9518034e-02  9.5867128e-02  7.8219100e-02  9.7669025e-02  6.6058270e-02  2.1456297e-02  5.0013588e-02  9.5866293e-02  8.9457033e-02  5.4261101e-02  6.7659775e-02  4.0553836e-02  5.8031493e-02  9.2791732e-02
  2.9013170e-02  5.0685461e-02  9.8494394e-02  7.7683405e-02  1.0453241e-01  6.3864785e-02  3.1684601e-02  7.4797314e-02  9.6852701e-02  3.2089072e-02  3.9092729e-02  8.6402785e-02  5.1992593e-02  7.0645649e-02  6.9710375e-02  3.6451287e-02
  6.9180517e-02  8.8848999e-02  7.3341170e-02  1.0642577e-01  6.0220748e-02  3.6046853e-02  8.8332569e-02  1.0221714e-01  4.1290927e-02  5.0951247e-02  3.3920454e-02  3.1176514e-02  9.4496799e-02  7.3698224e-02  4.2261336e-02  6.2318365e-02
  1.4984416e-01  9.2216188e-02  9.4442493e-02  5.1360440e-02  4.0611398e-02  9.9878995e-02  9.8795276e-02  3.9543911e-02  6.3428403e-02  4.7329696e-02  3.9777171e-02  5.3054963e-02  4.2845622e-02  6.1027901e-02  8.4817668e-02  1.3118991e-01
  1.0768322e-01  1.5490225e-01  7.4146679e-02  3.5137303e-02  1.0058221e-01  9.4493441e-02  4.1512294e-02  6.9227436e-02  4.9676423e-02  4.9667716e-02  7.4947228e-02  4.6567413e-02  1.9254771e-02  6.7826760e-02  1.4437022e-01  7.3895276e-02
  1.5988974e-01  8.4871057e-02  9.9407526e-02  1.3771731e-01  8.2895289e-02  3.7008750e-02  7.1758864e-02  5.4080520e-02  5.6727437e-02  7.9895740e-02  5.1937873e-02  3.7047861e-02  9.0164703e-02  9.9785012e-02  3.6266342e-02  1.0400736e-01
  6.3986890e-02  1.0893116e-01  1.4879390e-01  1.3492535e-01  7.6421838e-02  6.6921392e-02  5.1061411e-02  6.1126710e-02  8.0860148e-02  5.7494226e-02  4.1601859e-02  1.1030185e-01  1.1024134e-01  4.5941600e-02  7.7890587e-02  1.0659316e-01
  7.1361573e-02  1.3197870e-01  1.4098811e-01  8.5217374e-02  1.2038370e-01  9.5361287e-02  6.4037182e-02  7.4693395e-02  6.1830547e-02  4.7677245e-02  1.2588417e-01  1.0961178e-01  5.3162147e-02  1.0103171e-01  1.2092586e-01  4.0089265e-02
  2.1770105e-01  1.0760820e-01  7.0236780e-02  1.3573077e-01  1.0736515e-01  1.2221993e-01  1.2033315e-01  6.4895981e-02  4.9641042e-02  1.3827065e-01  1.0800038e-01  6.1221717e-02  1.1411842e-01  1.3013066e-01  4.7284072e-02  2.7644541e-02
  1.6493441e-01  1.7891917e-01  1.2949242e-01  1.0791352e-01  1.5219929e-01  1.3517218e-01  1.2168174e-01  1.1195203e-01  1.4843033e-01  9.9483916e-02  7.4327453e-02  1.2610232e-01  1.3738937e-01  4.9001548e-02  4.6866730e-02  1.2725058e-01
  1.1999286e-01  1.6921121e-01  2.1628417e-01  1.5387901e-01  1.4531067e-01  1.6803154e-01  1.5434129e-01  2.2380389e-01  1.6835887e-01  9.5610041e-02  1.3444998e-01  1.4776879e-01  5.6712597e-02  6.7987620e-02  1.4360680e-01  1.4583283e-01
  7.9928067e-02  7.1976311e-02  1.0840024e-01  1.8604607e-01  1.2745734e-01  1.3998087e-01  2.5597842e-01  1.9422232e-01  1.7545174e-01  2.3131273e-01  1.7989366e-01  7.7864483e-02  1.0606529e-01  1.7000786e-01  1.6226793e-01  6.6549668e-02
  2.9411282e-02  3.2698519e-02  2.7295209e-02  4.0855181e-02  1.1795008e-01  1.3951703e-01  8.7051655e-02  1.3180853e-01  2.0627247e-01  2.0786046e-01  1.4972791e-01  1.4359227e-01  1.9953254e-01  2.0153896e-01  1.0405868e-01  1.2003379e-01
  6.6737775e-03  1.8224607e-02  3.5829935e-03  2.1694431e-03  8.4741053e-02  8.6507855e-02  3.0327705e-02  9.4964635e-02  1.1186797e-01  4.9733950e-02  9.8172907e-02  1.9815647e-01  1.6493959e-01  8.7257236e-02  1.4891753e-01  2.2455401e-01
  2.7995570e-02  8.1889527e-03  3.1534330e-02  8.4658380e-02  6.0599857e-03  1.4639803e-02  1.3588645e-01  4.6007588e-02  -2.2143709e-02  4.9122593e-02  1.1946331e-01  9.9658329e-02  4.4534405e-02  5.7282918e-02  1.3251134e-01  1.6201830e-01
  -8.0245729e-03  2.5987169e-02  7.8385421e-02  3.2137408e-02  2.4512891e-02  7.1042489e-02  4.9050827e-02  4.4711651e-02  3.0589684e-02  9.3014746e-02  8.9127978e-02  1.3095037e-02  5.0992687e-02  1.3417192e-01  7.9123007e-02  -6.8778795e-03
  2.4984647e-02  5.9133742e-02  1.2996187e-02  2.6922331e-03  8.3504192e-02  4.0029458e-02  -2.8549258e-02  3.4169580e-02  1.5267378e-01  5.9579323e-02  -1.0292302e-02  6.4434540e-02  1.3118284e-01  1.0158568e-01  4.5021674e-02  3.3776688e-03
  1.3591346e-01  2.8403059e-02  5.0998515e-03  8.0458704e-02  2.7482923e-02  -8.5425343e-03  2.3543550e-02  7.1514190e-02  5.1024381e-02  4.7406609e-02  4.5621008e-02  1.0908120e-01  9.9836186e-02  3.1431606e-02  2.9914380e-02  7.7611652e-02
  1.7276286e-02  7.3298390e-02  9.2391427e-02  2.8252949e-02  -9.4998948e-03  2.2324362e-02  1.0346827e-01  4.6621018e-02  -2.5492221e-02  4.6386213e-02  1.6671109e-01  8.0105630e-02  2.5455559e-02  5.5205525e-02  8.1625792e-02  1.7620330e-01
  1.6193361e-02  8.7066317e-02  1.0129386e-01  1.2956721e-02  3.4391014e-02  1.0838544e-01  5.1947768e-02  2.1717775e-02  6.0623025e-02  1.0815791e-01  8.8649144e-02  8.8149207e-02  4.3703623e-02  8.4524681e-02  2.0943112e-01  1.9519816e-01
  1.5970544e-01  5.1689405e-02  1.6721726e-02  1.1649017e-01  1.4195255e-01  7.8720113e-02  4.3305314e-02  8.4806400e-02  1.7398148e-01  1.1486629e-01  4.2145843e-02  6.4536518e-02  1.3982501e-01  1.6782303e-01  1.4885136e-01  9.9318768e-02
  9.1069914e-02  9.8161653e-02  7.1049015e-02  1.3970769e-01  1.4634373e-01  5.6848373e-02  8.4191602e-02  1.4992123e-01  8.2073801e-02  4.8443420e-02  2.4226892e-02  2.7002674e-02  1.2619223e-01  1.4601152e-01  1.7112354e-02  -2.1741620e-02
  2.8684781e-02  1.0357023e-01  2.0381245e-01  7.8241675e-02  2.0112930e-02  1.0105002e-01  1.0221625e-01  2.0966446e-02  -3.2757475e-02  -5.4111077e-02  1.7176803e-03  6.2942205e-02  2.5290825e-02  -1.3905599e-02  -3.3953533e-03  -5.3442312e-02
  5.5847339e-02  7.5706644e-02  5.2459006e-02  3.9964257e-02  6.8717543e-03  6.3755848e-02  5.5476390e-02  -4.1559778e-02  -6.5151233e-02  -2.9834958e-02  4.1130400e-02  5.3745286e-02  -3.3029214e-02  -8.0138951e-02  -4.6880217e-02  -1.3248748e-02
  1.0883663e-01  -1.0968301e-02  -8.4926292e-02  -6.3785295e-03  1.0301575e-01  -8.4959658e-03  -4.0286793e-02  7.6942627e-03  -5.8780071e-04  6.4558957e-02  4.2154621e-02  -4.0620276e-02  -3.6283118e-02  -5.8739884e-02  -8.2571321e-02  1.8156350e-02
  -1.1079647e-02  -9.0112033e-03  -3.5326193e-02  -1.6638188e-03  -1.1897087e-02  -6.1799315e-03  -7.0361495e-02  -2.1186888e-02  1.1557319e-01  5.8076067e-02  -2.3230176e-02  -5.0298529e-02  -6.3903738e-02  -4.1263319e-02  -3.4394674e-03  3.4209773e-02
  -9.6098871e-02  -1.6012570e-02  9.4438668e-02  -1.5612876e-02  -8.3970821e-02  -5.5945631e-02  1.6933638e-02  3.9185572e-02  3.5549994e-02  1.3679120e-02  -4.6666729e-02  -5.5420533e-02  -7.0407731e-02  -1.7710241e-02  5.9853085e-02  8.0891924e-04
  -2.6973272e-02  3.4645564e-03  -1.6555414e-03  6.8291269e-03  -5.9449300e-02  -5.3562480e-02  6.2847552e-02  7.9041254e-02  -6.1822309e-02  -6.7659859e-02  -2.4636731e-02  -7.1532285e-02  -1.5389058e-02  2.9080188e-02  8.4264223e-03  -3.2924595e-02
  9.6525336e-02  -1.5397968e-02  -8.6358981e-02  -5.5486934e-02  1.8316514e-02  4.6010569e-02  1.3130117e-02  -2.4519371e-02  -1.1697388e-02  -7.9966584e-02  -7.3504376e-02  2.5320278e-02  5.1241407e-02  3.0777238e-02  -5.1518640e-02  -4.9103222e-02
  1.2549116e-03  1.3551077e-02  -5.5148117e-02  -5.6822116e-02  6.2606254e-02  8.7451147e-02  -4.7138238e-02  -7.7924028e-02  -3.4765398e-02  -6.8131288e-03  -6.9148638e-03  7.0028906e-02  7.6927479e-02  -2.9033614e-02  -4.2785260e-02  -5.7941024e-02
  -6.6885205e-02  -4.2164238e-02  2.6529502e-02  5.1485858e-02  2.0385105e-02  -1.5277938e-02  2.7163005e-03  -5.6285771e-02  -7.4050539e-02  1.9643899e-02  1.0965542e-01  3.1878444e-02  -2.5891914e-02  -1.5878520e-02  -3.9569696e-02  -4.3248391e-02
  -8.6618384e-02  -5.8844282e-02  5.5802013e-02  9.0014786e-02  -4.3016747e-02  -7.3683895e-02  -2.6863085e-02  -6.3688360e-03  -2.4083166e-02  2.5565000e-02  3.5035139e-02  -1.4391343e-02  -6.3887210e-02  -2.8467775e-02  -1.0221759e-02  -6.1893039e-02
  -6.2084475e-02  7.5290822e-03  2.0493945e-02  -2.2611446e-02  -5.9411656e-03  -6.9423960e-02  -9.5426998e-02  -6.5378343e-03  9.6001292e-02  1.9814495e-02  -6.0612430e-02  -3.6671256e-02  -1.5580003e-02  -5.8099678e-02  -5.6325432e-02  -3.5629582e-02
  1.1378823e-01  2.8573752e-02  -6.7135305e-02  -7.3288076e-02  -3.7744104e-02  -1.6458920e-02  -4.0130553e-02  2.6327822e-02  4.8647603e-02  7.6532123e-04  -5.7218230e-02  -5.3532460e-02  -2.7903569e-02  -4.6957392e-02  -7.7608584e-02  2.1050378e-02
  1.1426662e-01  3.2989033e-02  -7.0896564e-02  -7.9384176e-02  -7.6037589e-02  -3.0378331e-03  1.0810181e-01  2.0666447e-02  -6.9536535e-02  -4.2573695e-02  -1.3842834e-02  -5.7875069e-02  -7.2908468e-02  -3.6463891e-02  2.9321660e-02  1.3978263e-02
  -3.7175207e-02  2.1368968e-02  2.2378905e-02  -7.4057012e-02  -5.2839708e-02  4.0717859e-02  4.7977555e-02  -4.0426851e-03  -6.7712269e-02  -6.2433328e-02  -2.8272846e-02  -3.8047297e-02  -8.0526357e-02  -4.0461181e-03  5.3648320e-02  2.8539139e-02
  -6.9464182e-02  -4.4550402e-02  1.5919003e-02  3.0248893e-02  2.5404702e-02  6.6667736e-04  -5.7444441e-02  -3.1469591e-02  -2.2690797e-03  -5.7625416e-02  -7.7919923e-02  -4.5641876e-02  2.4946432e-02  7.7894808e-03  -4.7373656e-03  1.9831818e-02
  -6.3622871e-02  -8.6333882e-02  -4.4407260e-02  1.1780951e-01  9.4072124e-02  -6.6466769e-02  -7.9520102e-02  -5.4465714e-02  -2.1780926e-02  -2.3636804e-02  -8.0985757e-02  -1.7255146e-02  4.6476890e-02  2.5513324e-02  -2.1199911e-02  -1.8522282e-02
  -1.0032011e-01  -6.3260586e-02  2.1199957e-02  3.3819977e-02  3.0556939e-02  1.6914585e-03  -6.7154261e-02  -6.8044351e-02  -7.1558627e-02  -4.9513551e-02  2.2168153e-02  1.0788253e-02  -7.2136015e-03  1.3511109e-02  2.7547182e-03  -2.7314651e-02
  -6.3477297e-02  5.0377841e-03  1.2023335e-02  -6.9228743e-02  -5.4609961e-02  3.0518236e-02  6.9068524e-04  -9.0460906e-02  -9.6306605e-02  -2.4491166e-02  4.0640158e-02  2.3561317e-02  -2.6235933e-02  -2.2826884e-02  2.7324643e-03  -1.5578727e-02
  8.9316712e-02  5.3851058e-03  -8.2074941e-02  -8.2612863e-02  -8.1288322e-02  -5.5526904e-02  7.5129539e-03  -3.8797127e-02  -6.0015822e-02  -1.4242295e-02  -1.4069156e-02  2.9765790e-03  -1.0025030e-02  -4.8467811e-02  -3.6577179e-02  -5.7908729e-03
  8.5183720e-02  3.1075141e-03  -1.0038017e-01  -9.8363769e-02  -8.1951135e-02  -1.0246368e-01  -9.1752310e-02  2.7915039e-02  3.4915726e-02  -4.6876225e-02  -5.7611549e-02  -4.7093557e-02  -1.5554958e-02  -2.6473325e-02  -5.4692555e-02  -3.8922852e-02
  -6.1447767e-02  -1.2490200e-03  2.6950491e-03  -8.5171541e-02  -1.0447099e-01  -1.0558738e-01  -6.9105134e-02  1.0257294e-02  6.3572056e-02  1.0749573e-03  -5.8099413e-02  -4.8433846e-02  -3.1930441e-02  -2.8209351e-04  -1.8818185e-02  -4.9291764e-02
  -6.8350077e-02  -3.9961382e-02  3.3794494e-02  1.2539681e-02  -9.0264809e-02  -5.8857356e-02  7.0668038e-03  -9.0146931e-03  1.2892946e-02  7.9358120e-02  2.2795792e-02  -2.9131241e-02  -2.0606575e-02  -1.0565018e-02  1.4672743e-02  -7.3996592e-03
  -3.3036526e-02  -4.0332978e-02  -2.5881046e-02  2.6611250e-02  3.3329131e-02  1.3874583e-02  9.5279495e-03  4.9331282e-03  -4.2702339e-03  3.0461501e-02  9.1430174e-02  2.0198387e-02  -2.6629615e-02  -1.4859047e-02  -3.1042977e-03  2.1219984e-02
  -1.9208626e-02  -3.5555861e-02  -6.9668711e-02  -1.9972105e-02  1.2973421e-01  9.9444076e-02  5.6653172e-03  7.0108126e-03  1.1179711e-02  -7.5025133e-05  3.9174803e-02  1.0356522e-01  2.7647237e-02  -1.0342772e-02  7.1426862e-03  2.9338094e-02
  -2.6218454e-02  -3.8171175e-02  -1.9750075e-02  4.2923489e-02  6.7052265e-02  1.2593812e-01  8.7050711e-02  9.2836589e-03  1.4850335e-02  2.2672072e-02  1.2918254e-02  5.5069606e-02  1.1644040e-01  4.5885795e-02  1.6416164e-02  2.5828046e-02
  -5.6660264e-02  -1.3782354e-02  6.8710597e-02  6.3777506e-02  2.5195094e-02  4.1768689e-02  1.1087938e-01  6.9588643e-02  4.7390138e-05  7.4997663e-03  1.7636225e-02  1.6648751e-02  6.6119979e-02  1.1042413e-01  2.8954264e-02  5.4005365e-03
  -3.4535976e-02  2.4760680e-02  4.7440396e-02  3.4026420e-02  2.7284661e-02  7.7714536e-03  2.8365018e-02  9.4183762e-02  4.8063340e-02  -5.6103191e-03  7.6074854e-03  7.2193645e-03  -1.1066922e-03  5.2840175e-02  9.6709892e-02  1.9313351e-02
  7.5846625e-02  1.6928789e-02  -7.6418504e-03  2.9649843e-03  2.6452536e-03  4.3080996e-03  -2.3429797e-03  2.8600167e-02  9.2657358e-02  2.7077571e-02  -2.9686032e-02  -1.2346523e-02  -7.1780295e-03  -8.3766301e-03  4.7835247e-02  7.8566578e-02
  8.9562681e-02  4.6849524e-02  -3.5927668e-02  -3.6580022e-02  -1.2589793e-02  -7.9287654e-03  -7.9002616e-03  -1.6319140e-02  1.5709995e-02  7.7774251e-02  1.0486173e-02  -3.4104890e-02  -1.5755235e-02  -1.5736462e-02  -1.7973333e-02  4.3647954e-02
  5.8985841e-02  7.0316211e-02  4.8231359e-02  -2.5483452e-02  -2.3094051e-02  -3.6554387e-03  -3.2539245e-03  -5.8205278e-03  -9.0312645e-03  3.8411993e-02  9.9826546e-02  1.7711969e-02  -2.6668719e-02  -8.9017372e-03  -1.9209595e-03  5.2910562e-03
  3.9962422e-02  5.5468928e-02  7.9982237e-02  5.2980662e-02  -2.2837432e-02  -1.6743096e-02  8.0540650e-03  2.0299876e-02  1.9423979e-02  6.9942323e-03  5.2434953e-02  1.1346565e-01  3.7514016e-02  3.0480241e-03  1.1978142e-02  4.0384595e-03
  2.6499419e-02  2.1285190e-02  2.6753068e-02  5.3523839e-02  3.1843771e-02  -3.3768819e-02  -2.8951955e-02  -1.9364140e-02  -1.5967526e-02  -1.3231121e-02  -1.7273175e-02  3.5590169e-02  8.5147298e-02  2.7659918e-03  -2.7975847e-02  -1.0788518e-02
  -2.6803717e-02  -2.6703045e-02  -2.4732836e-02  -1.6142304e-02  3.7945557e-03  -2.9156255e-02  -9.1562022e-02  -8.3452366e-02  -6.9663208e-02  -6.5163199e-02  -6.7008709e-02  -7.6648247e-02  -2.6619155e-02  1.8365037e-02  -4.8126686e-02  -5.1477458e-02
  -4.1483092e-02  -3.3663276e-02  -2.9061117e-02  -3.4575489e-02  -3.2458716e-02  -1.7641035e-02  -5.1915491e-02  -9.5772136e-02  -8.5187676e-02  -8.2285017e-02  -8.6704481e-02  -8.9209669e-02  -8.1223438e-02  -1.4406074e-02  2.9983316e-02  -3.2027733e-02
  -1.7174506e-02  -2.6309380e-02  -3.0069214e-02  -2.0189186e-02  -1.1689906e-02  1.7712470e-05  1.0410492e-02  -4.4373083e-02  -8.7826890e-02  -6.5223193e-02  -4.9123966e-02  -4.2717200e-02  -4.5991919e-02  -3.9157530e-02  3.4979322e-02  2.1153712e-02
  -1.9437115e-02  -1.7872707e-02  -1.5487122e-02  -1.1907187e-02  -4.2753145e-03  2.9301009e-03  1.4777501e-02  2.5549733e-02  -2.7497438e-02  -6.0392673e-02  -3.1651202e-02  -1.6113067e-02  -1.6641870e-02  -1.5841899e-02  -4.6226701e-02  -6.4665664e-02
  -2.3221753e-02  -1.2093960e-02  -6.8554031e-03  -1.4958678e-02  -2.2264499e-02  -2.1583664e-02  -8.6491582e-03  1.9394860e-02  3.3202453e-02  -2.9648948e-02  -6.8269764e-02  -4.5557852e-02  -9.7381626e-03  -2.2751861e-02  -1.1104286e-01  -1.1174875e-01
  -2.2440847e-02  -3.1514056e-02  -3.5398423e-02  -2.8567948e-02  -2.3851736e-02  -1.9840762e-02  -1.5530902e-02  -8.3290530e-03  1.5163381e-02  2.5350878e-02  -3.8613182e-02  -4.4639632e-02  -3.5464296e-02  -1.0139315e-01  -1.0243532e-01  -4.9144138e-02
  -1.6121656e-02  -2.2373813e-02  -2.2987491e-02  -1.6399468e-02  -4.7743575e-03  5.6040077e-03  4.3657261e-03  -3.3993679e-03  -3.9596170e-03  2.1961633e-02  5.8424737e-02  -1.7834994e-02  -1.2576688e-01  -1.3188378e-01  -7.2363651e-02  -3.0189226e-02
  -6.0200879e-03  1.7505801e-03  4.2095429e-03  3.2961782e-04  -4.9898831e-03  -1.1650412e-02  -8.2116794e-03  6.2681682e-04  8.1273162e-03  3.2133570e-02  4.6156733e-02  -3.6140982e-02  -1.3356471e-01  -9.5617523e-02  -3.5859223e-02  -3.7608501e-02
  -2.0387979e-02  -1.1663640e-02  -9.0323239e-03  -1.7836695e-02  -2.7602574e-02  -3.2113213e-02  -2.8627283e-02  -1.6008501e-02  1.4835948e-02  2.1064390e-02  -6.4971937e-02  -8.0371133e-02  -2.7715154e-02  -4.0750542e-02  -4.6060541e-02  -2.9668733e-02
  -3.2104388e-02  -4.2344303e-02  -4.6052466e-02  -3.8284612e-02  -3.1545379e-02  -2.4508126e-02  -2.1148503e-02  -7.5652691e-03  -5.9734927e-03  -8.2574578e-02  -1.0711022e-01  -4.4757480e-02  2.8745745e-02  1.4298453e-02  -6.3778167e-02  -5.3937799e-02
  -2.9666354e-02  -3.5729449e-02  -3.5581335e-02  -2.7873761e-02  -1.5149339e-02  -3.7944015e-03  6.9190316e-03  2.8686751e-03  -7.9204852e-02  -1.2689575e-01  -7.4431372e-02  -8.3775073e-03  1.8827407e-03  1.3357929e-02  2.4909654e-03  -6.8360331e-02
  -2.9248010e-02  -2.1755871e-02  -2.0045380e-02  -2.4012868e-02  -2.7822855e-02  -2.3003459e-02  -9.7527170e-03  -6.6827615e-02  -1.1822270e-01  -7.5034767e-02  -1.8487200e-02  -1.9040531e-02  -2.0132707e-02  1.4660507e-03  3.1226586e-02  -3.3948003e-02
  -5.4995038e-02  -4.7030853e-02  -4.4389686e-02  -5.1864369e-02  -5.1327172e-02  -4.3160117e-02  -9.7262667e-02  -1.4997931e-01  -9.6846366e-02  -2.4752159e-02  -2.2493380e-02  -3.4263845e-02  -3.5751704e-02  -3.2736170e-02  -5.6159251e-02  -5.9330326e-02
  -5.0832957e-02  -5.9007986e-02  -5.8220927e-02  -3.9931105e-02  -1.9884006e-02  -6.6245436e-02  -1.3822720e-01  -1.0728070e-01  -3.7381079e-02  -2.8127635e-02  -3.0409461e-02  -3.0157864e-02  -2.9370809e-02  -6.0576707e-02  -9.5260937e-02  -4.2700065e-02
  -1.4735764e-02  -1.9063391e-02  -1.3435966e-02  6.5569537e-03  -2.2805678e-02  -8.7914132e-02  -5.2829204e-02  2.1713214e-02  2.0740794e-02  3.1164994e-03  -3.6946087e-03  7.8743969e-03  -8.1115581e-03  -4.5251049e-02  -1.0439235e-02  -1.0341976e-03
  2.3855700e-03  1.2175687e-02  2.9349508e-02  -4.1631092e-03  -8.6202210e-02  -5.5719409e-02  2.7404464e-02  3.2409355e-02  9.6859963e-03  -3.1458972e-03  4.2135222e-05  -1.8059974e-02  -5.5419389e-02  -1.0346075e-02  8.2826764e-03  4.4486700e-03
  1.5983087e-02  3.6877690e-02  1.5068514e-02  -7.3718620e-02  -6.0400286e-02  4.8451384e-03  -1.5469732e-03  -2.2443941e-02  -1.9763206e-02  -7.3750499e-03  -1.9873218e-02  -6.7437962e-02  -3.7604081e-02  -2.3446940e-02  -2.1792070e-02  -1.5602024e-02
  2.4182944e-02  -1.3172228e-02  -1.0054810e-01  -8.1707365e-02  -8.4257303e-03  -1.2411944e-02  -3.4106017e-02  -3.6507449e-02  -2.4042832e-02  -2.3918090e-02  -6.2903185e-02  -3.4667553e-02  -2.4401624e-02  -3.7544209e-02  -4.3101454e-02  -3.3219489e-02
  -3.4581680e-02  -1.0812024e-01  -1.2422178e-01  -5.8449861e-02  -4.8450999e-02  -5.4767184e-02  -5.4540073e-02  -4.9542558e-02  -5.9906842e-02  -1.0484447e-01  -7.5286022e-02  -5.0061075e-02  -5.0012138e-02  -5.3557811e-02  -5.0880048e-02  -4.3528635e-02
  -1.9142599e-01  -1.1362481e-01  -3.4637492e-02  -4.7112370e-02  -6.3599774e-02  -6.0663558e-02  -4.2308165e-02  -3.7742436e-02  -7.4289246e-02  -5.6893976e-02  -4.5624881e-02  -5.0147370e-02  -4.5503499e-02  -2.4418786e-02  -1.8599797e-03  -2.8071516e-02
  -1.2990898e-01  -5.2174034e-02  4.9752432e-02  5.0537546e-02  3.1667023e-02  3.3140806e-02  3.1061433e-02  3.9405951e-03  2.4017518e-02  3.9581267e-02  3.2913052e-02  2.5100348e-02  3.1276280e-02  5.1671299e-02  3.5440622e-02  2.8541471e-02
  7.5779407e-02  1.7028573e-02  1.2169669e-02  9.3360076e-02  9.7103096e-02  7.4778432e-02  3.7859765e-02  3.6281052e-02  4.9567400e-02  5.3739291e-02  5.9131659e-02  6.8221337e-02  8.4024983e-02  5.4587961e-02  3.0068398e-02  3.5091301e-02
  1.0144787e-01  7.4037397e-02  -4.5935049e-03  7.9022868e-03  9.5262665e-02  7.3943107e-02  5.5640614e-02  6.3859240e-02  5.8717308e-02  5.4041279e-02  6.0873865e-02  8.9779973e-02  7.0578525e-02  4.2877775e-02  3.6818192e-02  7.8834016e-02
  5.9884053e-02  7.7359216e-02  6.7892445e-02  -1.3287682e-03  -1.2006205e-03  6.9814057e-02  7.6901142e-02  5.9205880e-02  4.9663057e-02  4.8069013e-02  6.9305224e-02  4.9987159e-02  2.5330185e-02  2.8023829e-02  7.6759949e-02  1.1085760e-01
  3.2641196e-02  3.6804136e-02  5.5072917e-02  3.0211541e-02  -5.6265002e-02  -2.3955280e-02  5.2427577e-02  4.3061628e-02  2.6050719e-02  4.4296858e-02  2.6122393e-02  -1.2215546e-02  -1.7677506e-02  3.2525878e-02  8.5474134e-02  1.2101986e-02
  -1.7531593e-03  -1.2946480e-03  -6.4459766e-03  -8.7328878e-03  -1.5101342e-02  -7.7576988e-02  -5.2848924e-02  1.7639868e-02  3.7142927e-02  1.9525273e-02  -2.2632843e-02  -3.2212975e-02  1.1102201e-02  5.8544514e-02  -2.4828234e-02  -5.8120490e-02
  -4.5706522e-05  -1.0584664e-02  -3.0918338e-02  -2.7915722e-02  -1.3546487e-02  -3.5886005e-02  -9.5577823e-02  -2.7363186e-02  4.6677051e-02  -5.3289993e-03  -2.8577119e-02  1.1524667e-02  6.3285139e-02  -1.9363039e-02  -6.2456425e-02  -6.3944046e-03
  -4.8189216e-04  -1.4789679e-02  -1.5685162e-02  -8.3207263e-03  -6.7876787e-03  2.4519214e-03  8.8097993e-03  -4.3432302e-02  -4.7003362e-02  4.5866848e-03  3.5684797e-02  8.0916914e-02  -1.3920812e-03  -5.1778673e-02  2.5682542e-03  5.9926067e-02
  -8.3023844e-03  7.8323736e-03  1.2989105e-02  6.5941384e-03  2.6398920e-03  3.2698445e-02  5.4503436e-02  -2.9105909e-02  -1.0959955e-01  -1.8412903e-02  1.0918766e-01  2.8247360e-02  -3.7532331e-02  1.6227516e-02  7.9606313e-02  3.5694782e-03
  -1.6793610e-03  6.5368095e-03  1.8860108e-02  8.9135898e-03  3.3010062e-02  5.6955591e-02  -1.7592599e-03  -1.3970257e-02  -1.2045355e-02  -1.7153735e-02  -2.6435802e-02  -1.3248215e-02  3.9960332e-02  9.9028514e-02  1.9336865e-02  -3.2692938e-02
  9.0989960e-03  3.0768619e-03  4.0917984e-03  4.6611188e-02  6.4872349e-02  -1.2238780e-02  -3.6273948e-02  6.2187172e-04  8.1199220e-02  7.9094144e-03  -1.1263058e-01  -1.3007542e-02  1.1655880e-01  3.5449077e-02  -2.8522747e-02  1.4168418e-02
  4.6834240e-03  -3.0828737e-03  1.6861444e-02  5.7228042e-02  2.7083459e-03  -2.9373597e-02  3.5730793e-03  8.2714991e-02  5.3787442e-02  -5.3548784e-03  -3.1650153e-03  -4.2194068e-03  -2.5154335e-02  -2.8441499e-02  2.0149310e-02  8.5327526e-02
  -2.3212922e-02  1.1616333e-02  5.1568845e-02  -1.7447521e-02  -2.9131358e-02  2.6804698e-02  9.5409946e-02  6.0108234e-02  -2.2142418e-02  6.7879862e-03  8.7269098e-02  3.1154106e-03  -1.2072983e-01  -1.8277630e-02  9.7561029e-02  1.2891715e-02
  3.8337246e-02  4.9832740e-02  -8.7039363e-03  -3.9350671e-02  -4.4473857e-03  8.9325930e-02  7.6670836e-02  -2.6833780e-02  -6.8797077e-03  7.4046886e-02  3.3477222e-02  -2.0194753e-02  -5.6295197e-03  1.0845534e-03  -1.9197877e-02  1.6575729e-02
  1.3109602e-01  1.9737916e-02  -4.7649847e-02  -4.5549074e-03  7.2250545e-02  4.8009387e-02  -2.8589268e-02  3.0381069e-03  7.1144905e-02  3.3639082e-02  -2.9479381e-02  8.4320193e-03  9.1840955e-02  1.3175715e-03  -7.2454822e-02  5.9419400e-02
  -1.0352093e-02  2.3852676e-02  1.9813606e-02  7.0820151e-02  6.1412910e-02  -4.0442267e-02  -2.7705270e-02  8.2210209e-02  6.5292194e-02  -3.0807294e-02  -7.8002240e-03  7.4157910e-02  2.5593854e-02  8.7863892e-03  5.5600860e-02  -6.2374180e-02
  -6.9974859e-02  3.4244427e-03  1.4334794e-01  7.8091215e-02  -5.3364968e-02  -3.2334064e-02  6.1033471e-02  4.3992767e-02  -1.2977834e-02  1.9529295e-02  8.2275948e-02  3.1570431e-02  -4.8688371e-03  7.2041415e-02  3.9228354e-02  1.0216360e-02
  -1.8994904e-02  2.5682463e-02  5.6448194e-02  2.7989048e-02  -6.4691494e-03  6.1395190e-02  5.3997747e-02  -4.1758085e-02  -2.2895965e-02  9.2004755e-02  5.6921204e-02  -1.0705281e-02  6.9683544e-02  5.9453908e-02  7.1063607e-02  1.9891783e-01
  1.2944755e-01  4.2551995e-02  -8.0757405e-02  -2.5800079e-02  1.3618235e-01  7.2264037e-02  -5.3667138e-02  -2.7117773e-02  5.8423615e-02  2.6721882e-02  1.2665480e-02  1.1463608e-01  9.9825405e-02  9.2021807e-02  1.8629709e-01  1.3931404e-01
  1.3198388e-01  4.5904150e-02  -3.0645839e-02  2.2573683e-02  5.5876417e-02  2.8279135e-02  -1.0985473e-02  4.6150646e-02  3.3566471e-02  -8.0709049e-03  1.0585692e-01  1.5912005e-01  1.2805902e-01  1.7147282e-01  1.1822397e-01  5.7094355e-02
  -6.2935719e-02  3.1995944e-02  1.2850875e-01  4.9427460e-02  -7.5515086e-02  -1.6765708e-02  1.4878377e-01  9.2960985e-02  2.2496388e-02  1.3913047e-01  1.3855723e-01  7.5198150e-02  1.7010270e-01  1.3189117e-01  3.7203859e-02  8.9492995e-02
  -6.9537716e-02  2.0905437e-02  1.1571466e-01  3.0303049e-02  -3.2978046e-02  4.3485225e-02  1.1039515e-01  1.4842807e-01  1.8986399e-01  1.3879994e-01  6.1824355e-02  1.1264047e-01  8.7289126e-02  5.7799445e-02  1.2034614e-01  7.7484828e-02
  1.1659937e-01  3.3778590e-02  -5.2229447e-02  6.1642004e-02  1.8569819e-01  1.2413098e-01  3.5823028e-02  1.4967457e-01  2.0687585e-01  6.8161911e-02  9.0503099e-02  8.5759147e-02  1.4541671e-02  7.7174094e-02  1.1497089e-01  1.0697249e-01
  1.2070780e-01  4.8602737e-02  -4.8659187e-03  1.1959630e-01  2.2257735e-01  1.5702156e-01  1.2656620e-01  7.1538071e-02  3.1918764e-02  1.7231637e-01  1.2000965e-01  1.8861036e-03  6.1526118e-02  6.3497988e-02  4.5650966e-02  1.3126610e-01
  -5.6778170e-03  1.0504757e-01  2.0724879e-01  1.1013847e-01  2.9347055e-02  1.7510908e-01  1.8095611e-01  2.7865538e-02  5.3177020e-02  1.0159896e-01  9.8475358e-02  1.0227356e-01  6.4204648e-02  3.7507628e-02  7.7422407e-02  4.2366347e-02
  4.2735855e-02  1.2940318e-01  1.9464715e-01  1.0449090e-01  6.2485822e-02  5.9563016e-02  8.0490707e-02  1.5670020e-01  8.7407246e-02  -3.4574621e-02  6.3205742e-02  1.6179013e-01  8.8872242e-02  7.8910505e-02  4.7983675e-02  8.5013258e-03
  1.9280910e-01  9.4896052e-02  2.0089222e-02  1.6249934e-01  1.6099448e-01  -8.7931581e-03  4.0579225e-02  1.3770100e-01  7.4641584e-02  5.2900211e-02  2.4203385e-02  3.4418835e-02  1.5731761e-01  9.8929894e-02  2.9374441e-03  5.8493970e-02
  1.4867622e-01  8.5776703e-02  5.8317443e-02  6.3655802e-02  8.5954617e-02  1.4868171e-01  5.9654375e-02  -3.3167805e-02  1.0150804e-01  1.4205579e-01  4.4664856e-02  2.5764364e-02  4.5054465e-02  8.5950465e-02  1.0905848e-01  6.4430302e-02
  1.3068956e-02  1.2156495e-01  1.2982910e-01  -2.1386184e-02  3.3414682e-02  1.3791373e-01  7.6784466e-02  3.6474047e-02  3.6603809e-02  8.9134070e-02  1.4178558e-01  6.7498438e-02  -3.5566759e-02  4.7625045e-02  1.5507463e-01  1.1125856e-01
  1.1371908e-01  6.2645966e-02  5.4034813e-02  1.1534853e-01  3.8108469e-02  -4.4527319e-02  9.5471989e-02  1.3900961e-01  3.4917789e-02  3.4930548e-02  9.9386660e-02  8.0531418e-02  7.3563705e-02  3.3476090e-02  4.4554347e-02  1.3305164e-01
  1.1651162e-01  4.8885961e-02  4.9293090e-02  1.1376049e-01  5.2371161e-02  1.1438722e-02  2.0464712e-02  8.3374526e-02  1.3194359e-01  5.2961853e-02  -1.9663720e-02  9.4562486e-02  1.4513118e-01  7.7301568e-02  4.5014535e-03  2.5004711e-02
  -1.5539162e-02  9.9368684e-02  1.0756978e-01  -1.6359351e-02  8.1696339e-02  1.2293256e-01  1.9682674e-02  1.3718336e-02  8.9543487e-02  7.7009558e-02  5.6858844e-02  4.6771823e-02  9.6266410e-02  1.1584383e-01  6.4046165e-02  -8.8491128e-03
  9.2059698e-02  4.0453805e-02  2.7937880e-02  7.8819546e-02  5.3064524e-02  8.2069075e-02  1.1644147e-01  3.9357294e-02  -3.5464921e-02  7.6849878e-02  1.3473215e-01  6.0130572e-02  1.5234900e-02  8.3295773e-02  1.1724633e-01  6.9998822e-02
  9.6496004e-02  3.2444554e-02  2.0997512e-02  9.5122496e-02  8.3875462e-02  4.7450979e-02  8.1169492e-02  6.2632771e-02  3.4113233e-02  2.3899595e-02  7.2832405e-02  1.0585368e-01  5.4425328e-02  1.2429964e-02  7.8003661e-02  1.2267234e-01
  -3.4534368e-02  7.1646130e-02  1.0370174e-01  3.2331563e-02  8.4040614e-02  7.8853846e-02  1.5740975e-03  6.7156799e-02  1.1994027e-01  4.7316225e-02  -7.4007926e-06  6.5232973e-02  1.0381996e-01  5.5525569e-02  8.5790189e-03  6.9686039e-02
  6.1948822e-02  3.1776068e-02  6.6444423e-02  7.7475472e-02  2.3922789e-02  4.2514384e-02  7.9724300e-02  7.7332012e-02  8.0494258e-02  1.0104248e-01  5.1377214e-02  -1.9531156e-03  5.8637653e-02  9.8746468e-02  5.5465499e-02  -6.2897021e-03
  1.5816071e-01  7.8306018e-02  1.3316656e-02  5.6564222e-02  4.2019059e-02  2.3774806e-02  1.0122537e-01  9.5962593e-02  6.9997607e-02  7.9919045e-02  1.0564111e-01  5.6949837e-02  -7.4271061e-03  4.4196315e-02  8.5003839e-02  5.1752597e-02
  1.9828925e-01  1.8275374e-01  1.1175952e-01  6.1065157e-03  5.7742593e-02  1.0358021e-01  4.2832974e-02  7.0308459e-02  8.1562979e-02  6.5918730e-02  7.0392295e-02  9.6137377e-02  6.3532655e-02  -4.1624398e-03  3.8725315e-02  7.8885171e-02
  1.8914665e-01  2.0310172e-01  1.9843509e-01  1.6399238e-01  1.1013455e-01  8.9969161e-02  8.4460483e-02  3.2260271e-02  4.5714661e-02  6.3344634e-02  4.9954880e-02  6.1971033e-02  8.7976086e-02  6.9278689e-02  -3.9995574e-03  2.5955820e-02
  1.5088849e-01  1.4859469e-01  1.9079203e-01  2.6954524e-01  2.1339418e-01  1.3655721e-01  1.0906443e-01  9.2859575e-02  4.4491396e-02  3.5386386e-02  5.6913639e-02  4.4357454e-02  4.9825440e-02  6.2394226e-02  4.9686581e-02  2.4799880e-02
  9.1650353e-02  1.3804625e-01  1.8606401e-01  1.7236510e-01  2.2927110e-01  2.0531971e-01  1.6857501e-01  1.5841980e-01  1.3439348e-01  7.6187958e-02  4.1413334e-02  5.0237233e-02  1.9688903e-02  2.8362769e-02  9.3440452e-02  9.2163897e-02
  1.1689849e-01  1.3850966e-01  1.3190720e-01  1.4852090e-01  1.4137002e-01  2.0754733e-01  1.9052499e-01  1.6743899e-01  1.7836057e-01  1.7846063e-01  1.2561063e-01  4.9619612e-02  6.3334854e-02  7.3706137e-02  6.6631721e-02  6.4165633e-02
  1.9264772e-01  1.2559498e-01  1.1494626e-01  1.1752097e-01  1.2804393e-01  1.1658898e-01  1.7424963e-01  1.6564117e-01  1.4611811e-01  1.6577463e-01  1.8203262e-01  1.8277932e-01  1.5553967e-01  1.3580236e-01  6.9164895e-02  6.3688660e-02
  1.2590530e-01  1.7047396e-01  1.1356472e-01  9.9528360e-02  1.0996977e-01  1.1002142e-01  1.0585693e-01  1.5145447e-01  1.4785711e-01  1.0709838e-01  1.3432406e-01  2.1516221e-01  2.1779297e-01  1.7470366e-01  1.8134834e-01  1.0113980e-01
  1.3392192e-01  1.0399282e-01  1.5747297e-01  1.1448536e-01  9.3072402e-02  1.1216337e-01  9.9584133e-02  9.8740570e-02  1.1916738e-01  1.4073897e-01  1.4077161e-01  1.2408369e-01  1.6063148e-01  1.8256504e-01  1.5507782e-01  2.0803179e-01
  9.3411608e-02  1.3040530e-01  1.0137160e-01  1.4798310e-01  1.1402574e-01  7.8196364e-02  1.0028879e-01  7.6482559e-02  9.6571833e-02  1.5811892e-01  1.6248031e-01  1.1243978e-01  9.7705156e-02  1.0861549e-01  1.6536892e-01  1.9164097e-01
  1.2613219e-01  9.2065678e-02  1.2624478e-01  9.9470650e-02  1.3340031e-01  1.1041606e-01  5.7232025e-02  9.9253198e-02  1.2181221e-01  9.7878576e-02  1.1599944e-01  1.5318414e-01  8.7213268e-02  1.1306090e-01  1.4791496e-01  1.5250512e-01
  7.9175843e-02  1.1505551e-01  8.3869978e-02  1.1474099e-01  9.3209205e-02  1.0701897e-01  1.3214034e-01  1.1033789e-01  9.9368080e-02  1.0315554e-01  8.3475297e-02  7.8569469e-02  1.6793539e-01  1.3463904e-01  1.0203421e-01  1.0145708e-01
  1.0819396e-01  7.3375542e-02  1.0549969e-01  6.9668704e-02  8.7146095e-02  1.1898797e-01  1.5167422e-01  1.3960829e-01  9.4912126e-02  8.2647302e-02  8.4999622e-02  9.9021644e-02  1.1319566e-01  1.5669933e-01  1.0652195e-01  6.5596891e-02
  6.4275601e-02  9.8672630e-02  5.7487977e-02  9.0648379e-02  1.0967159e-01  1.2760527e-01  1.1444955e-01  1.1826318e-01  1.2029737e-01  7.3977388e-02  9.8718528e-02  1.2483646e-01  8.8602415e-02  7.4932207e-02  1.2888378e-01  1.6023905e-01
  9.1585857e-02  4.9907391e-02  9.2075719e-02  1.0066260e-01  1.1521491e-01  9.7367934e-02  9.2590335e-02  8.9731794e-02  9.3865750e-02  1.5430139e-01  1.1169245e-01  8.1549333e-02  1.0332640e-01  7.2862874e-02  1.1591184e-01  1.6093303e-01
  2.6778735e-02  8.4284032e-02  9.2948010e-02  1.0719418e-01  8.6012146e-02  8.5013169e-02  7.7294520e-02  7.8822906e-02  1.3738353e-01  1.1888571e-01  1.3769270e-01  1.0863097e-01  6.8243307e-02  1.5170672e-01  1.0844904e-01  3.1287128e-02
  8.5500341e-02  6.5917170e-02  8.4595573e-02  6.9145602e-02  7.5210689e-02  6.8574553e-02  8.3802486e-02  1.3851677e-01  9.9721974e-02  1.1969073e-01  1.1558135e-01  1.3076984e-01  1.6325529e-01  9.1760329e-02  5.9049458e-02  7.2943040e-02
  1.1309216e-01  9.5408342e-02  4.8781533e-02  5.5822804e-02  5.4408376e-02  8.0062531e-02  1.2260035e-01  7.8241299e-02  1.0982336e-01  9.4624655e-02  1.0667512e-01  1.5879932e-01  1.3765402e-01  8.1563215e-02  6.9870000e-02  1.2247467e-01
  1.0059463e-01  1.0256361e-01  9.0465284e-02  4.6327004e-02  6.7503889e-02  1.0352046e-01  6.3111865e-02  1.0167091e-01  8.2924189e-02  9.3584328e-02  1.3976486e-01  9.5012231e-02  6.1584724e-02  1.0642047e-01  1.5216913e-01  1.1103775e-01
  7.6534580e-02  7.5022663e-02  8.4771547e-02  1.2656438e-01  1.0305751e-01  5.3552608e-02  9.5428847e-02  8.2056143e-02  9.3034331e-02  1.3059813e-01  7.8577326e-02  4.2284852e-02  8.1490407e-02  1.3221772e-01  1.3461788e-01  1.3247645e-01
  5.0853955e-02  6.7509806e-02  1.1694566e-01  1.0744127e-01  1.0657904e-01  1.0666795e-01  6.7388394e-02  8.1864689e-02  1.1442456e-01  7.0268389e-02  3.7739234e-02  8.7751504e-02  1.3223569e-01  1.2122117e-01  1.1675328e-01  1.3868375e-01
  7.5299653e-02  9.4738546e-02  6.5618299e-02  8.6372465e-02  1.0457788e-01  1.1412657e-01  1.1050541e-01  9.2898914e-02  4.2883151e-02  3.1211726e-02  8.9911379e-02  1.3117452e-01  1.1107487e-01  1.0627190e-01  1.1601021e-01  1.1183973e-01
  1.2819800e-01  6.7085335e-02  7.1987935e-02  7.4109517e-02  9.1487636e-02  1.0522577e-01  1.1949241e-01  8.1006288e-02  3.2262420e-02  7.6812612e-02  1.1329787e-01  9.7706937e-02  9.5740110e-02  1.0108303e-01  1.0006288e-01  8.7351596e-02
  4.9988206e-02  1.1306269e-01  1.1107339e-01  8.0557589e-02  7.4657746e-02  7.7937605e-02  5.4082883e-02  4.8604920e-02  1.3437861e-01  1.1512741e-01  7.3639589e-02  7.0420791e-02  8.5832331e-02  8.9015843e-02  8.3119584e-02  7.4354978e-02
  1.1389757e-01  8.5753156e-02  9.4685680e-02  1.1776777e-01  7.3828543e-02  2.5816500e-02  3.3351937e-02  1.1872853e-01  1.2350466e-01  1.2493736e-01  1.0180645e-01  7.8429836e-02  7.0637163e-02  7.0547932e-02  6.0205892e-02  4.5683472e-02
  1.3314091e-01  1.1569677e-01  8.5074021e-02  6.1541898e-02  6.9665238e-02  5.9416330e-02  1.0674611e-01  9.0763227e-02  8.3463926e-02  7.2150984e-02  9.9756809e-02  9.5499346e-02  4.5870238e-02  6.4465577e-03  -1.9695816e-02  1.6072766e-02
  5.9182615e-02  8.0374877e-02  6.5258891e-02  1.2932432e-02  1.2940722e-02  1.0190334e-01  7.3775219e-02  2.0580467e-02  -1.6492859e-02  7.2800527e-03  8.6475864e-03  -1.0843572e-02  -1.2237826e-02  -5.4401974e-02  -4.2736137e-02  -1.1907806e-02
  -3.3741646e-02  -5.5397553e-02  -4.8445567e-02  7.9652867e-03  3.3215984e-02  -2.8304243e-02  -4.9270775e-02  -3.0057518e-02  -3.2098866e-02  -5.0889017e-02  -8.2984674e-02  -6.9546118e-02  -7.8974518e-02  -1.1582544e-02  2.8273129e-02  -8.5637593e-03
  -7.8499818e-02  -6.6497243e-02  -1.6620308e-02  3.2266664e-02  3.0435896e-02  -1.9820023e-02  -4.0628770e-02  -2.5348637e-02  -6.1035938e-03  -2.5906150e-02  -5.6405904e-02  -7.9779664e-02  -4.2395261e-03  2.7194314e-02  2.6867914e-02  3.4504400e-02
  -3.5249627e-02  1.9648054e-02  4.1847004e-02  3.4867573e-03  -2.8817549e-02  4.6039816e-02  6.5182132e-02  1.0595249e-02  -2.7719547e-02  -2.8595851e-02  -1.0285112e-02  3.7469100e-02  2.2248613e-02  1.3636513e-02  1.9737656e-02  1.1653428e-02
  1.1845105e-01  5.4391386e-02  -1.5678746e-02  -2.2525656e-02  1.8853697e-02  1.8239657e-02  4.6396543e-02  4.6327497e-02  1.4432050e-02  -2.7332987e-02  3.7242887e-02  6.1658532e-02  4.7993485e-02  2.4152693e-02  -7.6889648e-03  9.3947989e-04
  8.1292213e-02  5.1223670e-02  2.5969646e-02  1.9826391e-02  2.3821843e-02  1.5088848e-02  -2.7726148e-02  -5.7412381e-03  5.5360677e-02  1.0822268e-01  6.1568066e-02  2.3024048e-02  2.9539033e-02  2.8167802e-02  2.0239095e-02  -2.5532930e-02
  -4.8978731e-02  3.4631693e-02  1.0172514e-01  8.5942813e-02  1.2883487e-02  -1.4851620e-02  -1.2834806e-02  3.8526045e-03  4.9130046e-02  1.0156524e-01  1.0215313e-01  5.9404627e-02  1.4564429e-02  6.8950709e-05  -3.4088822e-03  1.5613393e-02
  4.5892073e-02  1.3882946e-02  2.0149215e-02  5.8535771e-02  5.4806912e-02  4.4022895e-03  3.3486304e-02  6.8865957e-02  4.8885143e-02  1.3623004e-02  4.4567703e-02  8.1351737e-02  6.1310045e-02  8.1200125e-03  -7.0182885e-03  3.7143081e-02
  8.0397924e-02  5.8382667e-02  -9.5737743e-03  -4.4623963e-02  2.1316087e-02  1.1863018e-01  1.0416107e-01  6.2273231e-02  3.6912834e-02  3.1917452e-02  -8.8162465e-03  -1.3077717e-02  3.6195471e-02  8.6517363e-02  9.0262222e-02  4.7683600e-02
  2.9506791e-02  2.9856538e-02  2.3947483e-02  1.6463586e-02  2.3345861e-02  5.5402782e-02  9.6821811e-02  9.4150909e-02  4.6691260e-02  1.4842628e-02  7.2977481e-03  -3.4744696e-03  6.8574506e-03  5.8728649e-02  1.0474237e-01  8.2316539e-02
  -2.7651203e-02  -1.3483349e-02  5.1552728e-02  1.0749682e-01  8.8114263e-02  1.7387183e-02  -3.9787606e-03  3.2310288e-02  6.7694241e-02  3.4280688e-02  2.9116773e-02  5.9179383e-02  5.6920569e-02  5.0768790e-03  -9.3917144e-03  4.9642014e-02
  -1.9132895e-02  2.2299228e-02  5.7589931e-02  7.2832785e-02  7.6550508e-02  6.6263556e-02  1.2451244e-02  -4.2937916e-02  -1.2756207e-02  7.0791136e-02  1.1147372e-01  6.9906478e-02  4.1997906e-02  3.7776159e-02  3.3844586e-02  3.0855361e-02
  1.0402048e-01  6.3951030e-02  2.5429371e-02  1.1801713e-02  2.3615551e-02  3.4932219e-02  4.6986298e-02  3.4240441e-02  1.5004358e-02  1.3938787e-02  3.0233303e-02  6.6274505e-02  5.9367963e-02  8.4026338e-02  9.4821135e-02  7.8143139e-02
  1.1111995e-01  9.6843538e-02  4.6649810e-02  -1.5088558e-02  -2.5660211e-02  -7.2027221e-03  5.2054311e-02  9.7363551e-02  8.2579717e-02  2.6792027e-02  -2.5566935e-02  7.3137064e-03  7.7747677e-02  1.0203291e-01  8.1450919e-02  7.9021276e-02
  5.1180780e-02  5.5294930e-02  5.4790665e-02  3.6061745e-02  7.4158058e-03  1.7585642e-02  2.4602037e-02  4.0880746e-02  4.9627916e-02  6.9180782e-02  8.8730774e-02  4.0869372e-02  1.8693343e-02  2.1446760e-02  5.0273453e-02  7.0201651e-02
  -5.7513875e-03  2.0417582e-03  3.5874890e-02  8.8956886e-02  1.0064361e-01  5.3108884e-02  -5.0047564e-03  -1.1642150e-02  2.8247524e-02  7.9477032e-02  1.0285810e-01  9.2651213e-02  5.7117681e-02  9.5465693e-03  8.5599152e-03  -3.7038889e-03
  -8.6250935e-03  1.2508769e-02  4.1287571e-02  5.3328169e-02  6.2665521e-02  6.3724479e-02  6.2190208e-02  4.5284275e-02  2.9955338e-02  1.9220467e-02  3.1419022e-02  6.8585327e-02  9.4008568e-02  7.3364602e-02  3.4412588e-02  1.8423285e-02
  7.3854146e-02  4.9869930e-02  1.6193601e-02  -2.8019982e-04  1.4123013e-02  7.1372165e-02  1.0300983e-01  9.6038431e-02  5.8544346e-02  9.2346194e-03  3.4502133e-03  3.3496659e-02  3.2537805e-02  8.0259214e-02  9.5506340e-02  8.8501681e-02
  4.6517669e-02  4.4991518e-02  4.4411716e-02  4.5809591e-02  4.4792544e-02  3.8231937e-02  3.7823833e-02  4.8226432e-02  7.6118619e-02  1.0750717e-01  5.8382612e-02  2.0127564e-03  5.2045416e-03  3.2228828e-02  5.2527615e-02  6.5357592e-02
  1.5897150e-02  3.8046394e-02  7.0053500e-02  7.6994076e-02  6.1571712e-02  2.4432184e-02  1.7651495e-02  4.1358939e-02  6.7715269e-02  6.7300148e-02  7.9699681e-02  6.4479069e-02  2.9281918e-02  -5.0714406e-03  -2.6159041e-02  -1.3336910e-02
  8.5979119e-02  6.6357095e-02  3.5271000e-02  1.9930955e-02  2.8911357e-02  6.5011036e-02  9.5562408e-02  7.5759835e-02  2.4007649e-02  3.8161879e-03  2.6263892e-02  5.8089631e-02  6.6984055e-02  1.4360425e-02  1.6163258e-03  -1.3926381e-02
  4.6560816e-02  4.3210470e-02  4.1682956e-02  5.7883999e-02  6.8626858e-02  7.3991239e-02  5.1141533e-02  3.6693804e-02  3.8240863e-02  4.1730980e-02  3.0283024e-02  -4.9164523e-03  8.4290413e-03  4.1457967e-02  5.7618535e-02  6.4439053e-02
  -4.5827113e-03  2.3950021e-02  7.4275643e-02  1.0959759e-01  9.6981397e-02  4.3412768e-02  4.5637253e-03  1.1570644e-02  4.5458534e-02  4.2764753e-02  2.4949579e-02  3.3011625e-02  2.9896607e-02  5.4655195e-02  5.5303924e-02  6.8749790e-02
  1.1364587e-01  1.0220134e-01  6.6577285e-02  8.6673741e-03  -7.4428873e-03  1.7282114e-02  5.2066954e-02  4.8628884e-02  1.2546953e-02  2.9661692e-03  2.6157128e-02  7.3559909e-02  6.7148398e-02  6.6357254e-02  8.8556630e-02  5.6977098e-02
  1.5004857e-01  1.0766257e-01  3.8178819e-02  5.0661059e-03  2.1187967e-03  1.1052042e-02  5.3872005e-03  2.6358547e-03  2.8979922e-02  7.4989554e-02  6.6991453e-02  4.2290121e-02  6.2944370e-02  6.1940640e-02  4.6092153e-02  7.0946521e-02
  -4.5442353e-02  -5.0301932e-03  5.4926481e-02  9.3644907e-02  8.6171603e-02  3.7855426e-02  1.7627502e-02  4.0342300e-02  3.9197242e-02  2.4283156e-02  4.1744600e-02  5.4834315e-02  6.5976009e-02  6.4717226e-02  2.6759771e-02  1.8151212e-02
  -4.2704632e-02  -3.5401156e-02  -1.4998065e-02  2.7062250e-02  7.2935336e-02  1.0984938e-01  1.1975048e-01  7.9374566e-02  4.6453144e-02  3.2392772e-02  4.5017880e-02  2.8412379e-02  -2.7988366e-04  -8.3822883e-03  4.5430606e-02  6.3385433e-02
  4.9245716e-02  2.7292315e-02  8.8529618e-03  -8.1982911e-04  -6.6548849e-03  1.7851055e-02  4.6706237e-02  7.9222874e-02  1.1791864e-01  9.7642916e-02  4.6354071e-02  2.5017732e-02  1.7356603e-02  1.7526608e-02  5.3256651e-02  8.6826861e-02
  6.9531265e-02  7.7845839e-02  7.3287346e-02  3.2720822e-02  -6.6907559e-03  -2.0710736e-03  1.9115517e-03  2.0998206e-02  3.1639958e-02  4.3069285e-02  3.7557444e-02  5.7438770e-02  1.1149237e-01  1.4785402e-01  1.0560579e-01  7.3817069e-02
  5.4662930e-02  4.3592842e-02  5.4070681e-02  7.1263283e-02  1.1257105e-01  8.0271103e-02  4.0288666e-02  -9.1828078e-03  -4.5870717e-02  -6.0646126e-03  8.3199129e-02  1.2325369e-01  9.4089659e-02  8.9574300e-02  6.2614319e-02  3.2010782e-02
  4.0728669e-02  5.1480449e-02  7.6415166e-02  6.8425582e-02  5.7082220e-02  5.2154440e-02  7.1274292e-02  9.4187370e-02  1.1225041e-01  1.0576097e-01  7.4441658e-02  7.4851248e-02  6.0417833e-02  -1.9060650e-03  -1.2251421e-02  -4.3187645e-02
  1.0692243e-01  9.3530136e-02  5.7086119e-02  5.9702293e-02  3.5881844e-02  5.7390796e-02  7.4407763e-02  1.1065364e-01  1.4159413e-01  1.3559864e-01  7.9528691e-02  9.5495973e-04  -3.2502470e-04  2.5326200e-02  8.5804850e-02  1.7267357e-01
  1.5996994e-01  1.6644712e-01  1.5924919e-01  1.9443228e-01  2.3203700e-01  2.4347336e-01  2.5512531e-01  2.6063862e-01  2.4845599e-01  2.5064441e-01  3.2740521e-01  4.1953964e-01  5.1000335e-01  6.1318788e-01  6.5809620e-01  7.4590546e-01
  6.9973156e-01  7.3275624e-01  7.9811983e-01  8.3205546e-01  8.8192099e-01  9.3221738e-01  9.7019109e-01  9.9569532e-01  1.0529222e+00  1.1363737e+00  1.2283987e+00  1.3206034e+00  1.3636310e+00  1.4322116e+00  1.5227108e+00  1.5550047e+00
  1.6763983e+00  1.6692592e+00  1.6558588e+00  1.6236404e+00  1.5969868e+00  1.6024674e+00  1.6143200e+00  1.6312978e+00  1.6600848e+00  1.6639263e+00  1.6194058e+00  1.6005894e+00  1.5997450e+00  1.5563906e+00  1.5408795e+00  1.5297855e+00
  1.5629063e+00  1.5476224e+00  1.5079453e+00  1.4712433e+00  1.4445119e+00  1.4067834e+00  1.3691973e+00  1.3446926e+00  1.3132753e+00  1.2915926e+00  1.2774153e+00  1.2340765e+00  1.2168174e+00  1.1942357e+00  1.1220605e+00  1.0768479e+00
  1.0338019e+00  1.0422114e+00  1.0667554e+00  1.0869166e+00  1.1033242e+00  1.0710835e+00  1.0599696e+00  1.0350866e+00  9.8231277e-01  9.5939456e-01  9.5243988e-01  9.3747738e-01  8.9069144e-01  8.8396911e-01  8.9770274e-01  8.7526243e-01
  8.6317312e-01  8.6508741e-01  8.4729095e-01  8.6152104e-01  8.5376511e-01  8.7732996e-01  8.9306174e-01  9.0210950e-01  9.1723803e-01  8.7762670e-01  8.4416985e-01  8.3782996e-01  8.3059623e-01  7.8961789e-01  7.6376546e-01  7.8814912e-01
  7.6493060e-01  7.6804228e-01  7.5746546e-01  7.6891381e-01  7.5052607e-01  7.5607176e-01  7.2679095e-01  7.2691428e-01  7.4331443e-01  7.7409237e-01  7.8339183e-01  7.7454302e-01  8.0250783e-01  8.4584418e-01  8.6965625e-01  8.4594779e-01
  6.9000300e-01  6.9028387e-01  6.9294643e-01  6.7189211e-01  6.9825286e-01  6.8844035e-01  7.0965736e-01  6.9734523e-01  6.8799530e-01  7.0754282e-01  7.3211658e-01  7.5158530e-01  7.2429887e-01  6.7536712e-01  6.1063320e-01  5.3719924e-01
  5.4678123e-01  5.3797726e-01  5.5471972e-01  5.2728872e-01  5.1478750e-01  5.1544256e-01  5.0193190e-01  4.9099382e-01  4.4979643e-01  3.6784704e-01  2.7231990e-01  1.6796194e-01  5.8362230e-02  -5.6736885e-02  -1.6900170e-01  -2.7051796e-01
  -2.1935650e-01  -2.3790040e-01  -2.5002029e-01  -2.6895257e-01  -3.3711200e-01  -4.1759338e-01  -5.0985711e-01  -6.0411145e-01  -6.9843162e-01  -7.9321919e-01  -8.8906262e-01  -9.8591381e-01  -1.0704059e+00  -1.1474642e+00  -1.2222321e+00  -1.2991123e+00
  -1.4206745e+00  -1.4307111e+00  -1.4584246e+00  -1.4660000e+00  -1.4711461e+00  -1.4813499e+00  -1.4872301e+00  -1.4963593e+00  -1.4978134e+00  -1.4890395e+00  -1.4738924e+00  -1.4520942e+00  -1.4278207e+00  -1.3999128e+00  -1.3664809e+00  -1.3253944e+00
  -1.3173272e+00  -1.3110331e+00  -1.3064928e+00  -1.2959577e+00  -1.2736599e+00  -1.2446378e+00  -1.2131297e+00  -1.1771923e+00  -1.1398756e+00  -1.1019398e+00  -1.0625725e+00  -1.0213389e+00  -9.7850699e-01  -9.3371916e-01  -8.8677451e-01  -8.3788513e-01
  -7.8572461e-01  -7.7997253e-01  -7.7044784e-01  -7.6150387e-01  -7.5203753e-01  -7.4086636e-01  -7.2779254e-01  -7.1303568e-01  -6.9693597e-01  -6.7953903e-01  -6.6122301e-01  -6.4231324e-01  -6.2293751e-01  -6.0348605e-01  -5.8436649e-01  -5.6606577e-01
  -5.5047145e-01  -5.4844530e-01  -5.4564918e-01  -5.4214563e-01  -5.3765423e-01  -5.3224034e-01  -5.2590589e-01  -5.1878478e-01  -5.1088029e-01  -5.0233356e-01  -4.9312278e-01  -4.8342007e-01  -4.7337980e-01  -4.6297273e-01  -4.5229455e-01  -4.4135276e-01
  -4.3140078e-01  -4.3018163e-01  -4.2839880e-01  -4.2619580e-01  -4.2339964e-01  -4.1995625e-01  -4.1600244e-01  -4.1143942e-01  -4.0645840e-01  -4.0101762e-01  -3.9522833e-01  -3.8904705e-01  -3.8244642e-01  -3.7555292e-01  -3.6840792e-01  -3.6115342e-01
  -3.5455993e-01  -3.5375366e-01  -3.5266259e-01  -3.5116614e-01  -3.4926919e-01  -3.4700743e-01  -3.4430838e-01  -3.4128794e-01  -3.3785948e-01  -3.3410196e-01  -3.2998035e-01  -3.2559703e-01  -3.2104495e-01  -3.1626688e-01  -3.1130308e-01  -3.0612041e-01
  -3.0131896e-01  -3.0075680e-01  -2.9991973e-01  -2.9883617e-01  -2.9742553e-01  -2.9566874e-01  -2.9366321e-01  -2.9132420e-01  -2.8877653e-01  -2.8597604e-01  -2.8299349e-01  -2.7977477e-01  -2.7628148e-01  -2.7260450e-01  -2.6874963e-01  -2.6479484e-01
  -2.6106494e-01  -2.6062833e-01  -2.6004418e-01  -2.5920390e-01  -2.5814619e-01  -2.5689234e-01  -2.5538016e-01  -2.5369396e-01  -2.5175618e-01  -2.4962440e-01  -2.4726202e-01  -2.4474158e-01  -2.4212609e-01  -2.3935696e-01  -2.3646146e-01  -2.3341079e-01
  -2.3047900e-01  -2.3015553e-01  -2.2965521e-01  -2.2900641e-01  -2.2815335e-01  -2.2708537e-01  -2.2587101e-01  -2.2444527e-01  -2.2289693e-01  -2.2118599e-01  -2.1936562e-01  -2.1738799e-01  -2.1521834e-01  -2.1293028e-01  -2.1051857e-01  -2.0803109e-01
  -2.0560359e-01  -2.0532782e-01  -2.0496423e-01  -2.0442385e-01  -2.0374866e-01  -2.0295129e-01  -2.0198303e-01  -2.0090681e-01  -1.9965942e-01  -1.9828675e-01  -1.9675462e-01  -1.9511839e-01  -1.9342460e-01  -1.9161841e-01  -1.8972198e-01  -1.8771431e-01
  -1.8570755e-01  -1.8549856e-01  -1.8516183e-01  -1.8473073e-01  -1.8415970e-01  -1.8344285e-01  -1.8263064e-01  -1.8167240e-01  -1.8063526e-01  -1.7948385e-01  -1.7826097e-01  -1.7692603e-01  -1.7544896e-01  -1.7389217e-01  -1.7224612e-01  -1.7054171e-01
  -1.6882376e-01  -1.6863237e-01  -1.6838498e-01  -1.6800738e-01  -1.6753958e-01  -1.6698869e-01  -1.6631635e-01  -1.6557138e-01  -1.6470211e-01  -1.6374677e-01  -1.6267445e-01  -1.6152920e-01  -1.6034756e-01  -1.5907941e-01  -1.5774399e-01  -1.5632671e-01
  -1.5485411e-01  -1.5470881e-01  -1.5446506e-01  -1.5415886e-01  -1.5375035e-01  -1.5323686e-01  -1.5265707e-01  -1.5197034e-01  -1.5122978e-01  -1.5040410e-01  -1.4952904e-01  -1.4857029e-01  -1.4750174e-01  -1.4637754e-01  -1.4518656e-01  -1.4394924e-01
  -1.4266321e-01  -1.4252159e-01  -1.4234299e-01  -1.4206374e-01  -1.4172112e-01  -1.4131852e-01  -1.4082519e-01  -1.4028029e-01  -1.3964083e-01  -1.3893955e-01  -1.3814873e-01  -1.3730438e-01  -1.3643651e-01  -1.3549958e-01  -1.3451073e-01  -1.3346012e-01
  -1.3232691e-01  -1.3222059e-01  -1.3203508e-01  -1.3180716e-01  -1.3150075e-01  -1.3111549e-01  -1.3068197e-01  -1.3016675e-01  -1.2961329e-01  -1.2899372e-01  -1.2833865e-01  -1.2761885e-01  -1.2681141e-01  -1.2596403e-01  -1.2506519e-01  -1.2412850e-01
  -1.2312611e-01  -1.2301633e-01  -1.2288180e-01  -1.2266656e-01  -1.2240527e-01  -1.2209877e-01  -1.2172193e-01  -1.2130704e-01  -1.2081764e-01  -1.2028236e-01  -1.1967631e-01  -1.1902951e-01  -1.1836741e-01  -1.1764867e-01  -1.1688874e-01  -1.1608120e-01
  -1.1517833e-01  -1.1509753e-01  -1.1495105e-01  -1.1477535e-01  -1.1453721e-01  -1.1423791e-01  -1.1390227e-01  -1.1350218e-01  -1.1307410e-01  -1.1259304e-01  -1.1208566e-01  -1.1152690e-01  -1.1089634e-01  -1.1023651e-01  -1.0953605e-01  -1.0880396e-01
  -1.0799845e-01  -1.0791032e-01  -1.0780567e-01  -1.0763445e-01  -1.0742893e-01  -1.0718820e-01  -1.0689135e-01  -1.0656561e-01  -1.0617955e-01  -1.0575854e-01  -1.0528018e-01  -1.0476988e-01  -1.0424976e-01  -1.0368218e-01  -1.0308117e-01  -1.0244281e-01
  -1.0170408e-01  -1.0164085e-01  -1.0152188e-01  -1.0138270e-01  -1.0119241e-01  -1.0095348e-01  -1.0068647e-01  -1.0036727e-01  -1.0002716e-01  -9.9643540e-02  -9.9239932e-02  -9.8794672e-02  -9.8289393e-02  -9.7762296e-02  -9.7202466e-02  -9.6615720e-02
  -9.5952762e-02  -9.5880058e-02  -9.5796581e-02  -9.5656943e-02  -9.5491310e-02  -9.5297513e-02  -9.5057912e-02  -9.4795879e-02  -9.4483950e-02  -9.4144842e-02  -9.3758320e-02  -9.3346170e-02  -9.2927931e-02  -9.2469262e-02  -9.1982943e-02  -9.1466891e-02
  -9.0849618e-02  -9.0798963e-02  -9.0700152e-02  -9.0587455e-02  -9.0431982e-02  -9.0237038e-02  -9.0019927e-02  -8.9759691e-02  -8.9483562e-02  -8.9171010e-02  -8.8842974e-02  -8.8480603e-02  -8.8067202e-02  -8.7637349e-02  -8.7180683e-02  -8.6700751e-02
  -8.6144530e-02  -8.6083237e-02  -8.6015287e-02  -8.5899085e-02  -8.5762934e-02  -8.5603764e-02  -8.5406516e-02  -8.5191542e-02  -8.4934547e-02  -8.4656068e-02  -8.4337747e-02  -8.3998435e-02  -8.3655655e-02  -8.3277953e-02  -8.2877025e-02  -8.2452123e-02
  -8.1927460e-02  -8.1886105e-02  -8.1802525e-02  -8.1709629e-02  -8.1580255e-02  -8.1418326e-02  -8.1238592e-02  -8.1022608e-02  -8.0794405e-02  -8.0535216e-02  -8.0263841e-02  -7.9963764e-02  -7.9619692e-02  -7.9263110e-02  -7.8884255e-02  -7.8485028e-02
  -7.8010926e-02  -7.7958336e-02  -7.7902097e-02  -7.7803774e-02  -7.7690014e-02  -7.7557099e-02  -7.7392038e-02  -7.7212772e-02  -7.6997589e-02  -7.6765190e-02  -7.6498854e-02  -7.6215029e-02  -7.5929603e-02  -7.5613664e-02  -7.5277955e-02  -7.4922711e-02
  -7.4470417e-02  -7.4436116e-02  -7.4364349e-02  -7.4286621e-02  -7.4177307e-02  -7.4040775e-02  -7.3889730e-02  -7.3707778e-02  -7.3516354e-02  -7.3298216e-02  -7.3070358e-02  -7.2818223e-02  -7.2527713e-02  -7.2227642e-02  -7.1908844e-02  -7.1572020e-02
  -7.1162531e-02  -7.1116750e-02  -7.1069549e-02  -7.0985187e-02  -7.0888820e-02  -7.0776266e-02  -7.0636227e-02  -7.0484667e-02  -7.0302023e-02  -7.0105429e-02  -6.9879593e-02  -6.9638968e-02  -6.9398089e-02  -6.9130291e-02  -6.8845472e-02  -6.8544590e-02
  -6.8150017e-02  -6.8121186e-02  -6.8058778e-02  -6.7992910e-02  -6.7899343e-02  -6.7782754e-02  -6.7654190e-02  -6.7498952e-02  -6.7336333e-02  -6.7150425e-02  -6.6956674e-02  -6.6742184e-02  -6.6493883e-02  -6.6238264e-02  -6.5966734e-02  -6.5679109e-02
  -6.5321432e-02  -6.5281095e-02  -6.5241005e-02  -6.5167760e-02  -6.5085164e-02  -6.4988708e-02  -6.4868492e-02  -6.4738843e-02  -6.4582005e-02  -6.4413754e-02  -6.4220059e-02  -6.4013699e-02  -6.3808063e-02  -6.3578480e-02  -6.3334097e-02  -6.3076408e-02
  -6.2728677e-02  -6.2704164e-02  -6.2649310e-02  -6.2592882e-02  -6.2511898e-02  -6.2411249e-02  -6.2300611e-02  -6.2166714e-02  -6.2027054e-02  -6.1866892e-02  -6.1700342e-02  -6.1515921e-02  -6.1301453e-02  -6.1081394e-02  -6.0847694e-02  -6.0599512e-02
  -6.0284055e-02  -6.0248152e-02  -6.0213753e-02  -6.0149509e-02  -6.0077996e-02  -5.9994479e-02  -5.9890229e-02  -5.9778192e-02  -5.9642153e-02  -5.9496702e-02  -5.9328925e-02  -5.9150176e-02  -5.8972868e-02  -5.8774104e-02  -5.8562357e-02  -5.8339517e-02
  -5.8030369e-02  -5.8009322e-02  -5.7960660e-02  -5.7911859e-02  -5.7841087e-02  -5.7753374e-02  -5.7657252e-02  -5.7540664e-02  -5.7419578e-02  -5.7280298e-02  -5.7135767e-02  -5.6975722e-02  -5.6788773e-02  -5.6597579e-02  -5.6394597e-02  -5.6178497e-02
  -5.5897930e-02  -5.5865695e-02  -5.5835916e-02  -5.5779068e-02  -5.5716602e-02  -5.5643635e-02  -5.5552427e-02  -5.5454747e-02  -5.5335709e-02  -5.5208859e-02  -5.5062270e-02  -5.4906084e-02  -5.4751861e-02  -5.4578292e-02  -5.4393249e-02  -5.4198906e-02
  -5.3921951e-02  -5.3903724e-02  -5.3860207e-02  -5.3817652e-02  -5.3755281e-02  -5.3678207e-02  -5.3593994e-02  -5.3491631e-02  -5.3385773e-02  -5.3263650e-02  -5.3137181e-02  -5.2997154e-02  -5.2832878e-02  -5.2665416e-02  -5.2487694e-02  -5.2298022e-02
  -5.2046640e-02  -5.2017482e-02  -5.1991500e-02  -5.1940808e-02  -5.1885820e-02  -5.1821563e-02  -5.1741142e-02  -5.1655313e-02  -5.1550344e-02  -5.1438853e-02  -5.1309799e-02  -5.1172275e-02  -5.1037095e-02  -5.0884374e-02  -5.0721441e-02  -5.0550679e-02
  -5.0300889e-02  -5.0284983e-02  -5.0245796e-02  -5.0208415e-02  -5.0153037e-02  -5.0084815e-02  -5.0010488e-02  -4.9919953e-02  -4.9826725e-02  -4.9718864e-02  -4.9607383e-02  -4.9483983e-02  -4.9338599e-02  -4.9190869e-02  -4.9034155e-02  -4.8866496e-02
  -4.8639791e-02  -4.8613246e-02  -4.8590420e-02  -4.8544908e-02  -4.8496169e-02  -4.8439184e-02  -4.8367785e-02  -4.8291844e-02  -4.8198646e-02  -4.8099977e-02  -4.7985589e-02  -4.7863667e-02  -4.7744365e-02  -4.7609079e-02  -4.7464649e-02  -4.7313603e-02
  -4.7086967e-02  -4.7072994e-02  -4.7037487e-02  -4.7004436e-02  -4.6954942e-02  -4.6894163e-02  -4.6828127e-02  -4.6747531e-02  -4.6664885e-02  -4.6569002e-02  -4.6470085e-02  -4.6360636e-02  -4.6231154e-02  -4.6099996e-02  -4.5960926e-02  -4.5811788e-02
  -4.5606147e-02  -4.5581844e-02  -4.5561668e-02  -4.5520559e-02  -4.5477094e-02  -4.5426240e-02  -4.5362459e-02  -4.5294850e-02  -4.5211595e-02  -4.5123734e-02  -4.5021731e-02  -4.4912980e-02  -4.4807043e-02  -4.4686476e-02  -4.4557678e-02  -4.4423271e-02
  -4.4216547e-02  -4.4204198e-02  -4.4171849e-02  -4.4142457e-02  -4.4097960e-02  -4.4043497e-02  -4.3984480e-02  -4.3912310e-02  -4.3838613e-02  -4.3752883e-02  -4.3664595e-02  -4.3566959e-02  -4.3450982e-02  -4.3333867e-02  -4.3209748e-02  -4.3076332e-02
  -4.2888824e-02  -4.2866465e-02  -4.2848532e-02  -4.2811200e-02  -4.2772224e-02  -4.2726585e-02  -4.2669295e-02  -4.2608768e-02  -4.2533986e-02  -4.2455313e-02  -4.2363860e-02  -4.2266323e-02  -4.2171733e-02  -4.2063700e-02  -4.1948218e-02  -4.1827973e-02
  -4.1638509e-02  -4.1627536e-02  -4.1597921e-02  -4.1571645e-02  -4.1531427e-02  -4.1482368e-02  -4.1429344e-02  -4.1364378e-02  -4.1298312e-02  -4.1221258e-02  -4.1142039e-02  -4.1054486e-02  -4.0950070e-02  -4.0844952e-02  -4.0733605e-02  -4.0613641e-02
  -4.0441865e-02  -4.0421203e-02  -4.0405185e-02  -4.0371119e-02  -4.0335995e-02  -4.0294828e-02  -4.0243111e-02  -4.0188651e-02  -4.0121146e-02  -4.0050347e-02  -3.9967948e-02  -3.9880033e-02  -3.9795152e-02  -3.9697873e-02  -3.9593824e-02  -3.9485723e-02
  -3.9311327e-02  -3.9301531e-02  -3.9274299e-02  -3.9250698e-02  -3.9214174e-02  -3.9169774e-02  -3.9121902e-02  -3.9063144e-02  -3.9003633e-02  -3.8934048e-02  -3.8862623e-02  -3.8783741e-02  -3.8689295e-02  -3.8594501e-02  -3.8494144e-02  -3.8385774e-02
  -3.8227740e-02  -3.8208572e-02  -3.8194200e-02  -3.8162979e-02  -3.8131184e-02  -3.8093879e-02  -3.8046982e-02  -3.7997757e-02  -3.7936546e-02  -3.7872540e-02  -3.7797968e-02  -3.7718367e-02  -3.7641853e-02  -3.7553865e-02  -3.7459699e-02  -3.7362083e-02
  -3.7200930e-02  -3.7192145e-02  -3.7167007e-02  -3.7145717e-02  -3.7112403e-02  -3.7072046e-02  -3.7028637e-02  -3.6975262e-02  -3.6921422e-02  -3.6858311e-02  -3.6793630e-02  -3.6722254e-02  -3.6636464e-02  -3.6550612e-02  -3.6459774e-02  -3.6361463e-02
  -3.6215510e-02  -3.6197666e-02  -3.6184718e-02  -3.6155991e-02  -3.6127091e-02  -3.6093143e-02  -3.6050442e-02  -3.6005763e-02  -3.5950031e-02  -3.5891926e-02  -3.5824162e-02  -3.5751792e-02  -3.5682533e-02  -3.5602624e-02  -3.5517055e-02  -3.5428549e-02
  -3.5279103e-02  -3.5271193e-02  -3.5247905e-02  -3.5228624e-02  -3.5198117e-02  -3.5161293e-02  -3.5121772e-02  -3.5073095e-02  -3.5024189e-02  -3.4966725e-02  -3.4907917e-02  -3.4843077e-02  -3.4764847e-02  -3.4686789e-02  -3.4604245e-02  -3.4514714e-02
  -3.4379442e-02  -3.4362778e-02  -3.4351071e-02  -3.4324543e-02  -3.4298176e-02  -3.4267164e-02  -3.4228138e-02  -3.4187430e-02  -3.4136495e-02  -3.4083545e-02  -3.4021738e-02  -3.3955692e-02  -3.3892762e-02  -3.3819918e-02  -3.3741872e-02  -3.3661326e-02
  -3.3522286e-02  -3.3515138e-02  -3.3493494e-02  -3.3475969e-02  -3.3447932e-02  -3.3414210e-02  -3.3378098e-02  -3.3333544e-02  -3.3288957e-02  -3.3236445e-02  -3.3182779e-02  -3.3123665e-02  -3.3052074e-02  -3.2980846e-02  -3.2905570e-02  -3.2823743e-02
  -3.2697965e-02  -3.2682360e-02  -3.2671737e-02  -3.2647160e-02  -3.2623021e-02  -3.2594591e-02  -3.2558801e-02  -3.2521580e-02  -3.2474870e-02  -3.2426448e-02  -3.2369880e-02  -3.2309397e-02  -3.2252017e-02  -3.2185385e-02  -3.2113956e-02  -3.2040402e-02
  -3.1910657e-02  -3.1904177e-02  -3.1884001e-02  -3.1868020e-02  -3.1842167e-02  -3.1811184e-02  -3.1778073e-02  -3.1737158e-02  -3.1696371e-02  -3.1648225e-02  -3.1599085e-02  -3.1545012e-02  -3.1479281e-02  -3.1414069e-02  -3.1345193e-02  -3.1270163e-02
  -3.1152865e-02  -3.1138213e-02  -3.1128545e-02  -3.1105706e-02  -3.1083537e-02  -3.1057389e-02  -3.1024461e-02  -3.0990319e-02  -3.0947347e-02  -3.0902922e-02  -3.0850984e-02  -3.0795418e-02  -3.0742929e-02  -3.0681786e-02  -3.0616206e-02  -3.0548824e-02
  -3.0427420e-02  -3.0421527e-02  -3.0402669e-02  -3.0388051e-02  -3.0364139e-02  -3.0335586e-02  -3.0305133e-02  -3.0267443e-02  -3.0230015e-02  -3.0185737e-02  -3.0140601e-02  -3.0090985e-02  -3.0030453e-02  -2.9970565e-02  -2.9907351e-02  -2.9838344e-02
  -2.9728654e-02  -2.9714865e-02  -2.9706040e-02  -2.9684758e-02  -2.9664339e-02  -2.9640218e-02  -2.9609834e-02  -2.9578423e-02  -2.9538772e-02  -2.9497892e-02  -2.9450067e-02  -2.9398866e-02  -2.9350708e-02  -2.9294436e-02  -2.9234048e-02  -2.9172140e-02
  -2.9058252e-02  -2.9052878e-02  -2.9035208e-02  -2.9021800e-02  -2.8999620e-02  -2.8973232e-02  -2.8945142e-02  -2.8910325e-02  -2.8875880e-02  -2.8835042e-02  -2.8793463e-02  -2.8747808e-02  -2.8691905e-02  -2.8636750e-02  -2.8578568e-02  -2.8514922e-02
  -2.8412087e-02  -2.8399082e-02  -2.8391005e-02  -2.8371123e-02  -2.8352264e-02  -2.8329951e-02  -2.8301839e-02  -2.8272859e-02  -2.8236174e-02  -2.8198450e-02  -2.8154292e-02  -2.8106983e-02  -2.8062676e-02  -2.8010746e-02  -2.7954988e-02  -2.7897952e-02
  -2.7790865e-02  -2.7785952e-02  -2.7769358e-02  -2.7757026e-02  -2.7736399e-02  -2.7711949e-02  -2.7685968e-02  -2.7653720e-02  -2.7621934e-02  -2.7584171e-02  -2.7545765e-02  -2.7503643e-02  -2.7451880e-02  -2.7400949e-02  -2.7347257e-02  -2.7288401e-02
  -2.7191766e-02  -2.7179476e-02  -2.7172066e-02  -2.7153448e-02  -2.7135986e-02  -2.7115291e-02  -2.7089216e-02  -2.7062410e-02  -2.7028382e-02  -2.6993481e-02  -2.6952605e-02  -2.6908781e-02  -2.6867910e-02  -2.6819865e-02  -2.6768252e-02  -2.6715571e-02
  -2.6614660e-02  -2.6610156e-02  -2.6594539e-02  -2.6583170e-02  -2.6563941e-02  -2.6541231e-02  -2.6517141e-02  -2.6487198e-02  -2.6457794e-02  -2.6422788e-02  -2.6387222e-02  -2.6348264e-02  -2.6300218e-02  -2.6253070e-02  -2.6203399e-02  -2.6148841e-02
  -2.6057833e-02  -2.6046198e-02  -2.6039384e-02  -2.6021911e-02  -2.6005705e-02  -2.5986465e-02  -2.5962221e-02  -2.5937366e-02  -2.5905729e-02  -2.5873361e-02  -2.5835434e-02  -2.5794740e-02  -2.5756949e-02  -2.5712392e-02  -2.5664502e-02  -2.5615728e-02
  -2.5520444e-02  -2.5516307e-02  -2.5501580e-02  -2.5491075e-02  -2.5473108e-02  -2.5451967e-02  -2.5429578e-02  -2.5401712e-02  -2.5374446e-02  -2.5341922e-02  -2.5308910e-02  -2.5272794e-02  -2.5228096e-02  -2.5184350e-02  -2.5138293e-02  -2.5087602e-02
  -2.5001720e-02  -2.4990686e-02  -2.4984406e-02  -2.4967975e-02  -2.4952902e-02  -2.4934974e-02  -2.4912384e-02  -2.4889285e-02  -2.4859806e-02  -2.4829718e-02  -2.4794450e-02  -2.4756578e-02  -2.4721556e-02  -2.4680141e-02  -2.4635608e-02  -2.4590349e-02
  -2.4500209e-02  -2.4496401e-02  -2.4482489e-02  -2.4472762e-02  -2.4455938e-02  -2.4436216e-02  -2.4415362e-02  -2.4389374e-02  -2.4364035e-02  -2.4333751e-02  -2.4303041e-02  -2.4269488e-02  -2.4227816e-02  -2.4187138e-02  -2.4144340e-02  -2.4097142e-02
  -2.4015943e-02  -2.4005463e-02  -2.3999664e-02  -2.3984183e-02  -2.3970134e-02  -2.3953393e-02  -2.3932300e-02  -2.3910789e-02  -2.3883263e-02  -2.3855237e-02  -2.3822372e-02  -2.3787053e-02  -2.3754528e-02  -2.3715954e-02  -2.3674455e-02  -2.3632371e-02
  -2.3546947e-02  -2.3543435e-02  -2.3530269e-02  -2.3521245e-02  -2.3505461e-02  -2.3487025e-02  -2.3467562e-02  -2.3443275e-02  -2.3419679e-02  -2.3391425e-02  -2.3362798e-02  -2.3331563e-02  -2.3292634e-02  -2.3254731e-02  -2.3214880e-02  -2.3170846e-02
  -2.3093938e-02  -2.3083970e-02  -2.3078605e-02  -2.3063993e-02  -2.3050874e-02  -2.3035211e-02  -2.3015478e-02  -2.2995406e-02  -2.2969654e-02  -2.2943494e-02  -2.2912810e-02  -2.2879807e-02  -2.2849540e-02  -2.2813542e-02  -2.2774795e-02  -2.2735586e-02
  -2.2654498e-02  -2.2651253e-02  -2.2638774e-02  -2.2630386e-02  -2.2615550e-02  -2.2598285e-02  -2.2580084e-02  -2.2557345e-02  -2.2535329e-02  -2.2508918e-02  -2.2482181e-02  -2.2453047e-02  -2.2416612e-02  -2.2381229e-02  -2.2344050e-02  -2.2302891e-02
